500090	5
500093	4
500116	4
500182	4
500190	6
500202	6
500203	3
500207	4
500214	10
500267	18
500268	6
500274	5
500277	3
500324	3
500361	6
500422	6
500435	7
500471	4
500516	3
500559	3
500573	4
500585	12
500636	12
500663	4
500671	4
500673	3
500697	3
500707	7
500742	6
500743	7
500745	3
500747	3
500752	5
500784	6
500836	3
500914	4
500949	16
500969	4
500972	3
501022	11
501025	4
501048	4
501067	3
501102	5
501113	17
501135	3
501169	4
501401	3
501433	6
501446	3
501452	7
501476	7
501490	7
501494	3
501521	9
501555	7
501559	3
501596	9
501607	6
501636	5
501786	4
501810	3
501852	8
501897	6
501901	5
501940	4
501958	5
501983	4
502015	6
502016	4
502037	6
502079	4
502109	3
502112	12
502193	5
502282	5
502295	4
502351	4
502384	3
502399	11
502401	9
502428	7
502440	3
502508	4
502517	4
502540	4
502610	8
502611	7
502684	3
502689	5
502698	3
502718	25
502777	8
502781	4
502796	4
502838	3
502842	3
502845	5
502882	4
502916	6
502933	13
503079	11
503091	5
503101	8
503164	8
503168	4
503178	3
503229	9
503252	5
503311	7
503321	5
503326	3
503347	3
503388	6
503415	5
503416	6
503422	5
503426	17
503437	5
503457	7
503473	3
503494	6
503515	5
503546	4
503602	4
503642	5
503643	3
503692	3
503715	3
503784	14
503802	5
503816	3
503839	5
503870	5
503887	4
503901	16
503986	4
504037	12
504124	4
504139	3
504165	4
504206	4
504230	4
504232	4
504242	3
504279	5
504293	10
504297	5
504323	6
504348	8
504368	4
504381	8
504388	3
504431	8
504532	3
504628	5
504643	4
504660	8
504695	4
504778	5
504810	11
504831	3
504849	3
504864	8
504899	3
505034	8
505038	4
505072	4
505123	5
505136	11
505138	13
505153	6
505162	6
505167	10
505329	3
505358	4
505360	3
505409	4
505427	3
505443	4
505453	5
505533	4
505570	4
505676	5
505754	7
505804	6
505839	11
505878	5
505882	3
505918	9
505987	4
505991	4
506000	8
506005	3
506014	6
506035	7
506068	3
506071	3
506314	5
506323	3
506340	6
506349	9
506353	6
506406	4
506433	4
506455	13
506542	4
506557	4
506558	17
506637	4
506667	8
506670	8
506863	6
506872	4
506877	8
507002	5
507102	5
507104	4
507115	3
507116	3
507197	3
507232	6
507235	4
507269	4
507306	5
507357	6
507407	9
507414	3
507417	6
507440	6
507461	7
507501	5
507526	3
507559	5
507585	16
507668	3
507674	7
507731	4
507788	4
507813	10
507837	4
507847	6
507882	5
507973	15
508020	5
508034	3
508058	4
508074	3
508140	3
508159	11
508167	3
508198	4
508204	3
508220	5
508265	7
508273	6
508283	8
508288	5
508341	29
508369	6
508425	3
508443	4
508601	32
508758	3
508769	4
508801	9
508812	8
508840	3
508854	4
509038	3
509044	4
509071	8
509075	8
509089	5
509153	4
509175	5
509221	5
509306	3
509308	5
509314	22
509362	4
509374	3
509387	7
509405	4
509434	3
509451	12
509467	3
509468	12
509497	5
509505	4
509522	5
509578	6
509597	9
509622	6
509686	9
509724	3
509761	8
509801	4
509858	11
509888	14
509988	5
509994	4
510012	3
510023	6
510086	3
510117	3
510134	9
510170	5
510211	3
510219	6
510294	7
510300	3
510341	5
510342	5
510388	6
510399	5
510411	6
510414	9
510450	8
510458	4
510487	5
510498	3
510505	3
510605	7
510658	14
510670	5
510676	4
510719	4
510725	17
510899	10
510909	7
510954	5
510994	8
511056	3
511064	8
511137	4
511172	4
511180	4
511213	3
511261	8
511262	5
511297	5
511320	15
511333	4
511385	6
511550	6
511606	13
511727	6
511740	4
511869	10
511889	5
511894	4
511966	3
511997	13
512046	4
512076	6
512144	3
512147	5
512174	9
512209	10
512255	8
512299	6
512350	9
512362	4
512379	5
512381	3
512453	4
512458	3
512465	5
512467	3
512474	4
512509	4
512545	10
512565	4
512584	3
512740	6
512871	4
512892	4
512905	5
512977	11
513002	4
513031	3
513046	3
513111	7
513159	4
513161	9
513171	31
513173	5
513181	6
513183	7
513206	52
513208	5
513216	3
513223	7
513238	4
513247	4
513248	3
513353	3
513354	6
513358	8
513370	13
513402	4
513404	3
513424	3
513649	8
513660	12
513757	3
513843	4
513876	4
513894	3
513961	6
513965	4
513978	8
514048	10
514096	10
514199	5
514200	3
514207	3
514238	3
514275	3
514276	4
514328	5
514410	4
514633	4
514664	13
514696	9
514715	5
514829	4
514840	3
514850	6
514953	11
514960	5
514974	3
514987	3
515008	3
515011	3
515033	9
515099	7
515118	3
515131	11
515152	3
515157	4
515173	4
515236	19
515574	3
515596	8
515683	3
515694	4
515705	5
515709	4
515728	7
515834	3
515854	3
515911	7
515937	3
515974	4
516003	5
516083	4
516106	3
516181	7
516202	5
516229	10
516394	10
516412	6
516482	5
516512	15
516567	3
516832	6
516872	3
517086	5
517116	9
517212	3
517363	4
517430	5
517486	5
517503	3
517636	3
517638	8
517722	3
517865	4
517871	4
517881	6
517891	3
517918	5
517920	6
517934	3
517975	5
518044	3
518096	7
518232	13
518322	6
518355	4
518372	6
518377	6
518437	8
518444	7
518473	4
518649	4
518674	3
518714	11
518794	6
518801	3
518832	7
518834	4
518889	6
518919	7
518979	4
518984	6
518993	5
519023	4
519079	4
519216	3
519218	5
519234	5
519245	5
519284	9
519444	4
519447	6
519490	14
519512	6
519551	4
519650	3
519666	3
519726	5
519817	8
519870	4
519933	4
519940	4
519960	4
519983	3
520042	5
520044	4
520086	7
520092	3
520093	4
520144	3
520319	5
520332	5
520352	5
520366	15
520378	4
520392	8
520444	3
520493	4
520554	8
520558	10
520570	7
520607	4
520632	3
520655	4
520657	3
520665	3
520733	6
520833	12
520840	5
520879	6
520928	4
521037	5
521079	4
521113	5
521128	7
521192	6
521193	4
521329	3
521344	5
521367	9
521395	3
521401	3
521428	4
521434	6
521499	3
521526	5
521575	8
521579	3
521587	5
521595	3
521600	3
521612	3
521625	31
521840	3
521864	6
521906	6
521924	11
521937	5
521949	4
521974	5
521992	3
522113	7
522125	7
522135	4
522171	4
522180	3
522250	6
522289	5
522342	5
522351	4
522360	15
522362	5
522407	12
522471	15
522488	11
522510	7
522514	3
522540	3
522553	5
522566	12
522569	3
522571	3
522603	3
522613	11
522623	3
522643	4
522676	4
522683	8
522722	18
522723	6
522776	3
522817	13
522833	4
522834	4
522836	3
522848	8
522855	5
522876	5
522880	3
522908	6
522929	4
522936	8
523012	6
523082	13
523090	5
523109	9
523184	4
523197	3
523205	8
523206	4
523213	7
523219	14
523229	5
523269	5
523282	4
523340	7
523361	5
523368	4
523437	6
523442	5
523480	5
523554	4
523575	3
523578	4
523612	4
523624	5
523714	10
523751	3
523852	3
523911	5
523922	6
523949	3
523950	4
523956	4
523965	5
524007	8
524080	12
524111	3
524122	6
524180	7
524232	5
524276	11
524293	7
524299	3
524311	5
524370	5
524381	15
524386	3
524398	16
524402	6
524419	10
524421	3
524454	4
524463	4
524467	10
524487	9
524489	3
524498	4
524564	4
524639	5
524672	5
524703	3
524767	4
524797	5
524804	15
524813	3
524831	4
524847	5
524878	3
525004	4
525014	8
525035	4
525045	9
525061	5
525094	22
525138	4
525163	4
525172	3
525184	3
525221	7
525233	3
525268	4
525365	6
525384	3
525386	5
525410	4
525422	3
525476	6
525508	7
525611	3
525651	5
525657	3
525674	4
525710	4
525720	3
525732	14
525738	5
525757	4
525780	7
525823	4
525858	4
525865	17
525905	6
525924	5
525985	4
526000	8
526015	16
526079	5
526097	4
526128	3
526133	7
526159	3
526182	15
526194	4
526413	8
526416	10
526447	3
526498	5
526505	6
526665	4
526675	6
526780	9
526889	9
526929	10
526978	20
526986	17
527017	14
527055	5
527075	17
527077	7
527103	12
527107	15
527142	3
527160	4
527186	3
527198	4
527214	10
527337	3
527384	9
527418	13
527424	4
527440	5
527513	3
527515	6
527599	11
527606	4
527648	7
527724	4
527746	8
527747	6
527813	3
527841	3
527898	3
527907	4
527910	4
527925	3
527927	3
527939	4
527969	3
528068	5
528076	5
528088	5
528097	3
528120	3
528150	11
528153	6
528158	4
528220	54
528296	3
528340	8
528341	5
528417	6
528421	5
528502	6
528544	4
528619	3
528646	11
528658	6
528714	3
528765	11
528779	3
528791	3
528848	11
528859	4
528861	7
528888	3
528897	7
528985	4
529010	3
529026	10
529102	4
529119	11
529126	11
529170	4
529200	8
529201	11
529205	3
529266	6
529319	8
529345	3
529379	7
529395	5
529410	4
529479	5
529484	3
529512	3
529529	9
529621	8
529743	13
529793	6
529888	5
529899	3
529942	3
529971	5
530005	7
530017	6
530037	8
530053	12
530063	4
530103	5
530164	3
530173	8
530285	10
530319	4
530328	5
530332	9
530421	7
530429	6
530431	5
530432	4
530468	3
530490	4
530492	6
530664	7
530720	5
530741	3
530749	4
530760	5
530805	3
530867	8
530902	8
530978	10
531076	10
531098	4
531100	3
531204	3
531220	6
531231	4
531233	5
531246	3
531250	10
531267	3
531280	4
531302	18
531309	31
531408	9
531456	3
531558	3
531564	9
531593	6
531601	5
531620	8
531643	3
531693	6
531702	9
531819	5
531824	3
531835	4
531887	6
531976	11
531983	6
532009	4
532013	3
532048	5
532095	3
532155	5
532168	3
532171	4
532201	11
532210	9
532264	5
532281	3
532292	7
532305	3
532376	3
532486	5
532687	8
532694	12
532724	10
532725	8
532826	5
532897	9
532986	6
533035	5
533049	14
533117	11
533152	4
533159	3
533199	7
533234	3
533272	4
533391	3
533401	3
533428	8
533452	9
533490	3
533512	3
533515	3
533595	4
533596	6
533597	3
533668	9
533676	5
533687	12
533688	5
533692	4
533890	3
533937	4
533978	7
533980	12
533983	4
534010	3
534039	10
534048	11
534078	58
534107	4
534113	5
534117	41
534140	6
534342	3
534402	4
534403	4
534411	3
534423	7
534471	8
534481	7
534484	10
534516	8
534523	6
534546	9
534573	15
534574	3
534579	7
534599	7
534603	6
534606	16
534611	3
534632	5
534652	7
534676	7
534686	3
534702	4
534733	9
534752	3
534754	7
534762	8
534808	6
534831	4
534832	4
534866	19
534877	3
534887	7
534946	5
534989	3
535047	4
535094	46
535125	3
535134	5
535207	6
535214	5
535231	4
535263	14
535290	5
535350	6
535377	3
535404	4
535423	4
535433	5
535450	19
535456	4
535489	4
535496	10
535501	7
535535	4
535570	4
535592	4
535610	5
535656	8
535657	5
535672	13
535677	5
535796	8
535821	4
535840	8
535852	3
535905	3
535962	3
536036	4
536047	6
536060	6
536077	8
536095	9
536137	7
536139	5
536190	16
536256	3
536329	3
536379	4
536417	8
536418	4
536433	3
536462	4
536477	3
536519	4
536529	9
536548	3
536579	3
536600	7
536631	3
536641	6
536650	4
536664	3
536734	4
536783	14
536784	3
536790	6
536837	3
536854	10
536901	6
536996	3
537017	5
537066	4
537084	3
537133	4
537178	4
537179	5
537204	6
537205	4
537217	3
537224	3
537239	3
537286	7
537306	5
537337	9
537354	7
537361	8
537371	4
537387	3
537399	7
537478	3
537490	6
537519	5
537534	3
537553	17
537590	4
537613	5
537614	4
537749	6
537769	28
537770	20
537785	9
537806	3
537815	5
537832	4
537844	3
537861	5
537862	7
537904	4
537920	3
537927	3
537974	7
537997	3
538126	4
538219	4
538225	24
538241	8
538264	5
538281	6
538282	5
538296	4
538308	7
538328	3
538419	5
538465	4
538510	5
538546	19
538547	4
538638	3
538661	3
538703	6
538704	3
538714	5
538754	5
538765	3
538773	3
538786	4
538792	3
538844	8
538864	5
538941	6
539005	4
539055	4
539115	10
539200	3
539218	4
539238	3
539242	6
539255	3
539302	3
539373	4
539398	3
539404	4
539471	4
539590	7
539613	3
539765	7
539777	6
539794	6
539800	4
539804	5
539811	8
539813	4
539825	3
539831	3
539909	6
539942	3
540015	6
540026	5
540120	4
540126	3
540143	8
540201	5
540208	4
540225	5
540247	5
540386	8
540403	4
540420	3
540454	6
540476	4
540491	11
540500	4
540551	3
540563	3
540664	8
540700	4
540794	5
540809	4
540881	13
540936	10
540938	6
540948	7
540949	8
540972	9
541104	4
541147	4
541148	4
541151	4
541154	5
541157	10
541171	8
541193	7
541267	6
541295	10
541296	3
541306	4
541341	3
541353	9
541366	3
541407	16
541409	7
541461	3
541550	4
541605	5
541609	6
541622	5
541627	4
541643	11
541671	10
541674	6
541725	32
541823	6
541830	3
541941	7
541946	3
541972	5
542037	3
542055	4
542066	4
542089	7
542131	4
542167	5
542190	3
542200	6
542212	6
542283	10
542285	4
542289	8
542295	52
542297	24
542312	3
542404	6
542416	3
542427	10
542503	3
542576	3
542627	20
542630	8
542634	3
542638	8
542678	9
542706	4
542725	3
542731	6
542782	3
542791	4
542797	3
542837	5
542842	6
542866	6
542868	3
542895	5
542896	9
542909	3
542935	5
543005	6
543028	3
543065	4
543125	4
543142	3
543214	4
543249	7
543256	5
543276	8
543314	6
543386	3
543395	4
543396	3
543444	4
543536	4
543722	16
543791	3
543822	9
544085	8
544173	4
544316	5
544321	3
544358	7
544361	3
544387	4
544399	3
544400	9
544460	5
544508	3
544543	5
544564	3
544603	3
544629	3
544749	4
544785	8
544794	3
544809	6
544858	4
544871	4
544905	3
544910	7
544949	7
544951	8
544991	3
545024	7
545066	4
545106	5
545136	4
545154	3
545166	5
545205	3
545247	8
545330	3
545333	12
545336	4
545387	10
545429	4
545504	14
545508	4
545564	5
545591	5
545602	3
545688	3
545805	3
545832	4
545839	3
545849	4
545855	6
545911	10
545950	8
545970	7
546030	8
546041	9
546118	3
546131	6
546135	26
546144	5
546218	12
546224	6
546242	11
546253	50
546264	4
546308	11
546368	5
546409	17
546413	6
546426	7
546609	3
546614	16
546653	4
546671	3
546681	3
546734	6
546822	5
546847	4
546914	6
546923	3
546955	22
546997	3
547050	6
547108	4
547119	10
547125	19
547271	3
547305	3
547306	4
547329	5
547365	6
547477	5
547515	5
547543	5
547610	3
547704	7
547709	5
547861	5
547889	4
547989	4
547994	4
548027	4
548066	5
548159	5
548171	8
548199	6
548216	4
548224	10
548257	6
548275	4
548324	4
548325	3
548405	3
548435	3
548481	6
548507	4
548533	4
548565	14
548588	3
548628	4
548684	5
548727	3
548756	4
548807	4
548868	8
548907	5
548923	3
548952	3
548979	3
549008	3
549013	4
549041	5
549093	5
549140	8
549148	4
549211	3
549215	3
549225	9
549231	3
549320	3
549330	4
549347	3
549406	5
549412	3
549475	8
549482	3
549511	27
549520	7
549531	3
549565	3
549580	5
549635	5
549644	6
549722	15
549770	4
549774	4
549843	7
549846	7
549865	3
549924	3
549991	9
549993	8
549999	8
550001	3
550010	4
550069	5
550083	16
550084	85
550085	3
550095	4
550128	3
550161	6
550235	5
550280	4
550296	4
550335	5
550421	14
550555	7
550615	6
550643	4
550661	4
550700	9
550726	6
550734	5
550742	4
550748	3
550787	3
550809	9
550821	3
550845	7
550869	5
550888	7
550903	4
550921	5
550982	6
551005	4
551036	4
551038	6
551089	5
551092	5
551133	4
551134	3
551168	3
551190	12
551204	4
551225	3
551259	3
551266	5
551317	8
551339	16
551346	5
551360	3
551395	3
551400	6
551460	20
551510	8
551533	5
551554	3
551596	3
551601	4
551622	4
551719	4
551755	4
551762	4
551767	3
551803	16
551913	8
551925	7
551945	4
551965	9
551982	4
552059	3
552060	5
552084	3
552106	4
552111	4
552144	9
552159	3
552219	4
552271	3
552292	4
552296	3
552321	5
552325	4
552347	11
552361	3
552366	5
552378	5
552431	7
552434	3
552448	4
552474	4
552559	10
552633	7
552681	4
552707	4
552792	11
552823	4
552832	7
552837	4
552878	3
552983	8
552988	3
553017	3
553053	4
553054	11
553080	4
553100	4
553113	4
553129	3
553133	5
553139	13
553166	6
553170	11
553184	3
553197	30
553201	3
553262	3
553329	5
553391	5
553418	7
553426	15
553432	5
553461	5
553467	5
553504	11
553517	9
553605	25
553611	5
553618	3
553646	4
553658	6
553694	3
553730	4
553753	4
553872	3
553922	8
553988	3
554007	5
554050	9
554100	6
554168	4
554171	5
554172	3
554173	3
554249	11
554252	7
554269	16
554425	5
554430	4
554507	4
554566	5
554571	3
554600	4
554633	11
554675	6
554719	5
554804	4
554817	5
554917	5
554954	20
554961	7
555118	3
555124	3
555125	16
555127	5
555178	3
555207	4
555244	8
555321	7
555358	5
555429	7
555447	7
555456	7
555550	3
555562	4
555616	8
555652	3
555653	8
555684	3
555701	5
555728	4
555733	3
555755	4
555763	5
555824	5
555853	5
555895	4
555897	4
556024	3
556038	12
556075	4
556106	7
556139	4
556192	13
556199	8
556202	4
556210	4
556227	5
556301	9
556320	9
556323	5
556402	32
556416	5
556515	5
556541	5
556617	5
556632	6
556653	7
556678	13
556699	8
556800	8
556804	3
556815	3
556901	5
556926	33
556929	7
556941	5
556948	4
557065	8
557070	4
557080	9
557097	3
557101	5
557137	3
557153	4
557154	5
557292	6
557326	3
557418	4
557485	7
557512	3
557522	3
557527	6
557532	4
557552	4
557560	3
557566	9
557587	3
557613	5
557629	4
557718	3
557731	5
557776	4
557804	5
557805	4
557887	3
558049	7
558067	10
558245	7
558290	3
558307	18
558317	4
558389	5
558485	3
558510	3
558618	18
558707	3
558730	4
558731	4
558762	6
558807	4
558865	4
558873	12
558880	3
558956	5
559055	4
559102	3
559192	6
559197	7
559204	3
559391	6
559496	13
559499	5
559510	3
559607	3
559610	3
559616	3
559667	4
559713	6
559717	3
559739	5
559744	4
559750	15
559754	9
559760	9
559769	6
559770	7
559794	3
559807	4
559842	6
559862	3
559883	4
559927	7
559931	7
559936	3
559959	4
559994	3
560008	8
560036	6
560096	7
560118	10
560149	5
560189	6
560195	6
560258	3
560264	13
560287	6
560292	3
560353	5
560369	3
560383	4
560401	3
560481	8
560548	7
560549	4
560596	13
560602	7
560620	7
560782	3
560788	25
560913	4
560978	7
561000	4
561045	3
561077	3
561148	4
561164	5
561201	11
561208	4
561248	3
561329	9
561331	3
561371	10
561435	8
561462	3
561483	5
561546	9
561596	6
561671	3
561750	36
561775	4
561803	6
561822	5
561836	5
561846	3
561852	3
562023	3
562039	5
562062	3
562076	3
562224	8
562242	7
562331	13
562347	4
562359	8
562392	3
562396	16
562413	5
562432	4
562438	7
562462	3
562521	3
562567	8
562591	3
562611	5
562617	14
562632	6
562639	6
562664	4
562692	3
562714	6
562734	37
562757	9
562863	4
562908	5
562980	17
563033	3
563046	19
563047	18
563074	10
563084	11
563138	4
563148	5
563153	4
563160	10
563178	10
563249	5
563267	4
563271	5
563280	6
563347	5
563376	4
563377	3
563392	4
563411	5
563422	5
563428	4
563454	5
563476	3
563479	4
563484	6
563504	6
563523	5
563527	3
563588	4
563634	6
563680	4
563780	10
563834	5
563861	5
563920	3
563949	5
563952	9
563978	6
564013	3
564017	6
564050	8
564090	4
564110	6
564125	3
564167	3
564170	13
564204	6
564219	3
564276	5
564288	4
564314	5
564355	3
564360	7
564364	3
564404	9
564416	3
564501	4
564624	3
564634	9
564684	10
564801	4
564811	3
564817	14
564819	7
564913	4
564944	5
564945	4
564949	3
565079	3
565095	3
565129	5
565137	6
565161	11
565204	8
565209	7
565214	6
565303	9
565307	3
565311	3
565337	6
565348	4
565361	5
565387	6
565512	4
565567	10
565570	13
565728	4
565785	9
565791	5
565855	3
565860	6
565863	8
565951	5
565979	5
565985	4
566051	3
566053	4
566060	5
566110	4
566141	4
566196	4
566216	4
566261	5
566269	4
566295	13
566297	7
566309	3
566318	5
566333	3
566345	3
566443	4
566582	5
566590	15
566611	8
566625	5
566629	6
566639	3
566651	4
566712	4
566766	3
566791	3
566847	10
566892	4
566913	11
566915	3
566934	3
566978	3
567005	4
567008	14
567029	6
567071	11
567140	6
567171	5
567174	13
567177	9
567182	3
567226	3
567247	4
567280	10
567300	11
567337	8
567348	6
567391	4
567444	6
567468	7
567484	6
567504	5
567521	6
567561	3
567564	6
567576	3
567579	3
567628	5
567633	22
567635	3
567636	3
567645	4
567789	9
567810	3
567845	11
567893	5
567894	18
567951	6
568053	4
568062	3
568120	5
568180	7
568237	5
568319	4
568327	4
568348	4
568378	4
568391	20
568403	8
568407	6
568419	5
568432	3
568437	12
568445	5
568458	4
568494	9
568525	9
568557	6
568615	9
568731	5
568759	4
568780	17
568789	4
568818	8
568879	6
568885	8
568900	3
568901	3
568921	4
569100	3
569101	3
569105	10
569153	3
569211	3
569214	5
569256	5
569263	3
569319	3
569327	7
569340	4
569361	4
569382	6
569420	4
569480	5
569540	9
569547	8
569581	3
569620	5
569640	6
569812	9
569863	4
569877	4
569935	22
569946	4
569962	3
570003	4
570116	6
570144	3
570157	4
570211	4
570263	6
570268	5
570270	4
570299	5
570301	5
570333	4
570552	7
570560	4
570589	8
570646	4
570669	3
570703	3
570720	3
570754	25
570755	19
570829	20
570830	11
570835	4
570842	3
570966	4
571032	3
571043	11
571046	4
571124	3
571157	8
571181	8
571275	6
571280	5
571295	8
571406	3
571424	8
571433	4
571479	6
571547	14
571560	7
571565	3
571580	3
571633	3
571675	6
571738	6
571794	13
571886	4
571941	3
571947	8
572061	7
572066	13
572095	6
572101	4
572136	5
572188	3
572282	14
572299	6
572311	4
572316	5
572357	4
572386	4
572399	12
572408	4
572466	5
572472	3
572489	4
572490	5
572504	5
572599	10
572612	6
572622	3
572631	10
572665	4
572707	3
572713	3
572716	4
572761	4
572831	3
572841	18
572869	7
572901	4
572958	4
572964	4
573013	3
573063	5
573090	9
573095	3
573225	3
573238	7
573252	5
573304	4
573429	12
573460	5
573497	4
573507	4
573520	3
573559	6
573578	4
573654	3
573671	6
573686	9
573687	5
573699	5
573715	5
573722	3
573749	3
573760	5
573850	3
573890	4
573893	5
573949	3
574008	4
574010	7
574035	3
574055	10
574056	12
574106	26
574113	3
574131	15
574134	3
574149	3
574164	8
574171	3
574188	3
574197	4
574235	10
574256	3
574345	3
574373	6
574381	69
574423	4
574432	3
574460	8
574495	6
574524	4
574573	3
574574	12
574626	5
574694	4
574699	4
574711	62
574714	7
574762	3
574775	3
574783	4
574784	7
574785	3
574820	4
574832	5
574849	3
574865	13
574894	3
574903	9
574909	3
575092	8
575111	3
575156	8
575204	4
575206	5
575232	9
575286	6
575305	3
575363	4
575469	19
575472	7
575480	6
575525	3
575534	6
575549	4
575557	6
575603	5
575633	3
575636	3
575648	9
575683	4
575714	3
575734	9
575822	3
575861	5
575906	22
575907	3
575920	8
575940	3
575975	9
575976	11
575994	4
576012	3
576058	3
576061	12
576089	5
576104	6
576208	3
576225	5
576233	14
576237	8
576293	7
576303	4
576323	3
576333	4
576383	29
576386	4
576424	4
576520	6
576656	4
576664	6
576675	4
576696	17
576740	6
576788	3
576991	9
576994	6
577020	7
577201	12
577293	5
577310	8
577373	3
577380	6
577388	4
577397	12
577398	10
577431	3
577467	7
577470	5
577487	5
577524	9
577533	10
577557	3
577609	4
577672	8
577733	5
577900	7
577968	6
578044	4
578052	5
578178	3
578191	12
578241	4
578311	4
578350	3
578388	3
578393	5
578412	5
578414	3
578489	12
578495	3
578496	10
578526	11
578584	3
578622	5
578719	3
578726	4
578772	4
578825	4
578854	7
578873	8
578953	3
578956	6
579049	13
579056	5
579088	3
579125	6
579128	8
579145	3
579153	3
579259	5
579260	4
579264	5
579322	5
579324	6
579346	3
579410	3
579420	8
579456	4
579522	4
579526	4
579631	11
579661	4
579676	7
579764	4
579805	6
579844	10
579877	8
579904	3
579913	9
579922	8
579937	5
579951	3
579961	6
580026	4
580056	5
580102	4
580106	6
580135	21
580169	5
580241	3
580290	4
580346	3
580362	7
580373	3
580375	4
580428	9
580436	3
580480	8
580485	3
580491	3
580551	8
580555	5
580682	6
580735	3
580777	4
580845	14
580872	4
580881	10
580894	4
580957	5
581088	4
581124	6
581132	3
581206	7
581207	6
581237	11
581258	6
581323	7
581353	4
581367	3
581405	6
581414	5
581417	5
581467	7
581473	3
581546	4
581558	3
581583	5
581631	4
581688	4
581829	4
581962	4
581969	7
581982	5
582014	5
582068	10
582082	4
582188	12
582194	3
582209	7
582289	3
582295	7
582374	5
582412	13
582439	4
582466	4
582485	4
582554	7
582568	3
582575	4
582592	8
582608	5
582635	4
582698	6
582720	7
582780	15
582787	4
582795	7
582808	18
582811	6
582831	9
582846	3
582865	8
582867	3
582885	7
582947	4
582949	12
582950	18
583031	4
583036	13
583067	5
583072	9
583119	5
583159	10
583169	6
583241	11
583354	5
583377	7
583387	8
583405	3
583407	3
583452	3
583509	3
583535	10
583547	4
583631	6
583640	3
583687	8
583709	5
583731	3
583766	3
583769	4
583788	3
583811	5
583827	7
583843	4
583851	4
583861	4
583868	15
583985	11
584043	4
584047	3
584099	3
584244	3
584349	7
584393	4
584506	3
584507	3
584511	8
584534	4
584549	5
584563	3
584633	3
584657	3
584702	4
584728	5
584762	4
584764	8
584795	3
584801	7
584804	13
584873	3
584901	6
584912	3
585027	6
585036	7
585056	6
585057	7
585069	3
585118	4
585157	4
585208	3
585232	3
585237	4
585267	5
585270	9
585316	3
585396	3
585399	4
585410	3
585441	6
585487	3
585507	6
585511	7
585673	5
585714	8
585725	6
585729	4
585735	3
585833	4
585933	4
585941	4
585959	4
585960	16
586037	3
586053	11
586088	11
586173	3
586233	3
586281	11
586282	7
586319	9
586348	5
586425	3
586478	3
586480	3
586536	3
586611	3
586666	7
586671	3
586702	4
586754	3
586828	7
586862	7
586869	6
586883	5
586889	3
586908	8
586910	3
586962	9
587039	5
587061	3
587116	66
587141	8
587149	10
587172	3
587288	24
587312	3
587319	4
587360	6
587389	3
587391	27
587420	5
587428	8
587469	4
587481	10
587515	6
587557	4
587575	10
587581	5
587614	3
587659	3
587747	5
587766	6
587768	4
587771	5
587777	3
587837	3
587885	3
587889	5
587924	3
587932	3
587933	12
587942	6
587946	3
588019	10
588048	3
588088	5
588119	6
588121	13
588127	11
588130	5
588166	4
588174	3
588188	6
588193	7
588207	6
588209	4
588333	4
588398	3
588431	6
588509	4
588562	7
588569	6
588658	3
588675	8
588781	6
588792	21
588824	4
588834	3
588878	9
588884	3
588921	7
588940	5
589000	3
589020	5
589029	6
589036	4
589100	8
589121	8
589153	8
589192	4
589199	4
589237	3
589266	7
589297	3
589324	4
589346	3
589378	6
589411	8
589457	3
589473	3
589511	4
589519	8
589552	4
589777	19
589804	3
589865	7
589870	3
589906	3
589986	6
590039	5
590062	6
590106	4
590135	21
590172	5
590241	16
590248	3
590437	9
590442	3
590515	6
590575	3
590579	4
590606	4
590621	5
590627	3
590662	5
590715	4
590742	4
590744	3
590781	5
590810	5
590838	6
590846	3
590862	3
590874	3
590918	4
590935	3
590997	8
591004	3
591065	4
591147	3
591283	3
591305	5
591360	4
591399	3
591401	15
591413	3
591427	5
591439	4
591469	4
591480	4
591481	3
591525	7
591640	40
591676	13
591708	10
591835	4
591856	8
591859	4
592014	3
592039	13
592121	3
592141	8
592149	8
592193	4
592254	6
592307	7
592328	23
592343	3
592391	4
592430	3
592587	6
592597	4
592620	9
592627	5
592631	4
592671	8
592736	3
592786	5
592795	8
592798	14
592821	7
592842	7
592875	5
592903	10
592914	3
592947	3
592954	3
593002	3
593059	3
593096	3
593124	4
593129	6
593134	4
593168	7
593169	12
593173	5
593271	11
593321	5
593359	3
593388	13
593392	6
593437	3
593442	7
593460	6
593499	12
593507	5
593559	8
593596	8
593628	3
593710	4
593727	4
593735	9
593748	5
593788	6
593806	9
593831	5
593844	3
593885	3
593901	4
593909	6
593919	3
593971	9
593979	10
593987	14
594020	10
594056	3
594065	4
594121	9
594122	11
594153	3
594155	5
594190	5
594288	3
594303	4
594323	16
594348	4
594395	4
594429	3
594437	18
594443	3
594478	8
594515	6
594532	12
594595	4
594699	7
594707	10
594751	4
594809	3
594827	4
594936	8
594950	3
594989	4
594995	3
595062	6
595101	4
595178	3
595202	3
595248	13
595274	23
595301	4
595320	3
595329	6
595332	6
595349	6
595356	10
595378	7
595440	3
595441	36
595442	35
595473	5
595515	4
595607	3
595612	8
595631	3
595640	3
595664	3
595674	4
595691	3
595774	7
595830	3
595851	3
595881	3
595975	3
596004	5
596020	3
596093	3
596143	7
596144	15
596151	7
596159	5
596184	11
596246	5
596289	10
596305	4
596311	3
596352	6
596392	4
596416	4
596481	6
596508	22
596512	3
596521	10
596538	10
596629	8
596649	9
596701	3
596705	8
596763	42
596796	3
596843	5
596860	9
596883	6
596908	5
596925	5
596939	7
596965	5
596977	21
597018	12
597056	10
597119	3
597122	4
597136	13
597137	8
597140	6
597177	6
597228	4
597235	4
597236	4
597260	4
597273	4
597297	3
597316	3
597318	3
597323	10
597416	3
597482	4
597485	5
597499	3
597615	4
597623	4
597650	9
597722	3
597740	3
597743	3
597817	3
597819	3
597823	8
597846	13
597871	4
597880	5
597926	4
598056	3
598075	21
598143	7
598206	14
598286	13
598301	4
598309	3
598315	5
598323	16
598333	5
598375	3
598395	5
598425	3
598439	4
598457	7
598458	4
598475	3
598481	12
598491	4
598508	4
598546	4
598551	21
598573	3
598607	4
598657	9
598717	4
598728	14
598732	5
598790	5
598795	3
598827	4
598858	10
598862	6
598875	16
598876	4
598877	8
598878	3
598913	3
598933	14
598936	3
598938	5
598939	4
598940	3
599045	8
599058	4
599070	5
599099	8
599105	3
599122	9
599131	5
599163	5
599202	3
599215	28
599256	6
599263	3
599308	4
599309	6
599361	8
599375	5
599450	16
599468	5
599488	3
599495	4
599595	5
599631	5
599643	26
599770	4
599822	3
599831	4
599838	4
599904	6
599925	5
599949	6
599950	3
599976	6
600003	3
600027	9
600030	5
600049	3
600059	3
600095	12
600098	8
600122	4
600136	4
600149	21
600154	3
600165	10
600186	4
600189	6
600195	6
600203	5
600216	9
600265	6
600282	4
600283	7
600324	12
600337	8
600416	3
600488	3
600522	5
600596	8
600629	3
600633	43
600647	3
600662	4
600726	5
600731	6
600756	5
600761	3
600766	3
600776	3
600893	15
600988	14
601084	9
601107	4
601125	3
601150	6
601181	16
601248	34
601282	4
601304	8
601320	4
601332	3
601359	5
601381	3
601392	19
601433	5
601456	19
601562	7
601564	12
601585	4
601648	7
601671	3
601701	4
601713	6
601744	5
601780	4
601792	5
601855	3
601862	13
601923	8
601959	5
601961	6
601973	4
601995	5
602032	5
602064	10
602077	5
602146	7
602150	3
602210	5
602238	8
602285	9
602304	5
602314	5
602329	3
602331	6
602340	7
602352	6
602354	4
602398	4
602443	5
602460	4
602462	3
602475	10
602492	3
602537	9
602540	3
602548	10
602558	4
602617	3
602619	8
602630	9
602639	12
602679	4
602745	3
602766	4
602775	7
602785	4
602813	4
602883	9
602895	3
602898	3
602934	3
602953	11
602959	3
602960	20
603016	3
603021	3
603023	5
603071	5
603137	5
603163	3
603207	4
603248	7
603302	12
603368	7
603382	4
603428	4
603465	9
603496	7
603498	8
603542	4
603551	7
603593	3
603600	4
603656	7
603693	5
603747	4
603774	6
603786	6
603948	13
604045	6
604073	4
604105	9
604122	22
604124	11
604135	15
604144	3
604169	5
604182	7
604214	3
604238	7
604308	73
604379	4
604384	6
604403	20
604423	7
604427	3
604431	3
604437	7
604457	6
604478	31
604580	4
604581	6
604598	5
604615	3
604620	4
604663	7
604676	12
604696	3
604748	5
604792	4
604871	5
604882	5
604952	3
605023	3
605024	3
605029	4
605064	5
605090	6
605100	8
605112	5
605115	4
605144	3
605145	5
605162	4
605224	3
605244	4
605245	3
605298	5
605319	10
605385	6
605387	3
605412	11
605432	4
605457	10
605462	20
605498	4
605526	3
605593	4
605602	7
605618	4
605622	14
605625	7
605777	3
605830	3
605857	5
605872	4
605879	6
605892	8
605926	4
605937	3
605973	5
606027	10
606035	3
606057	3
606092	4
606189	3
606234	4
606252	3
606255	7
606284	3
606338	3
606354	11
606413	4
606419	4
606479	3
606484	4
606486	3
606516	3
606528	5
606568	9
606574	4
606578	4
606584	6
606598	5
606655	5
606669	12
606680	4
606732	9
606751	19
606759	16
606792	6
606842	5
606875	25
606881	8
606895	4
606944	7
607021	8
607035	3
607058	7
607086	6
607114	8
607126	6
607196	5
607199	7
607204	6
607259	6
607307	10
607311	5
607366	3
607381	3
607513	5
607517	26
607541	3
607591	14
607595	3
607635	10
607694	3
607750	13
607755	7
607813	14
607859	5
607966	8
607967	5
607968	6
608093	4
608149	7
608182	9
608227	5
608284	5
608288	39
608407	9
608415	4
608435	4
608516	3
608552	7
608569	3
608654	7
608717	3
608806	3
608863	4
608914	5
608940	3
609003	5
609035	5
609037	5
609129	3
609155	3
609232	3
609237	4
609294	3
609336	3
609421	11
609497	3
609500	5
609545	3
609613	27
609614	5
609625	8
609630	3
609721	4
609743	4
609858	6
609860	5
609872	6
609902	5
609904	4
609906	8
609916	8
609963	6
609997	3
609999	3
610028	34
610064	4
610073	5
610080	3
610081	5
610112	8
610186	3
610192	3
610282	11
610312	6
610324	10
610347	3
610386	5
610387	6
610389	3
610394	3
610403	5
610439	6
610492	6
610506	7
610545	7
610618	9
610634	10
610779	4
610782	5
610805	6
610843	3
610860	3
610885	5
610993	4
611052	5
611058	5
611075	5
611084	4
611091	3
611107	4
611128	5
611146	6
611150	9
611153	10
611179	3
611226	6
611229	5
611259	10
611269	9
611312	6
611331	10
611333	3
611414	3
611444	25
611460	5
611504	3
611541	4
611576	7
611581	3
611598	4
611644	6
611645	6
611703	10
611713	4
611759	5
611808	3
611817	5
611832	7
611838	8
611864	3
611877	3
611890	5
611914	4
611917	3
611919	3
611948	5
611967	4
611978	5
611985	15
611993	4
612008	6
612011	4
612034	4
612040	6
612138	3
612151	4
612166	5
612281	7
612302	3
612323	6
612349	11
612368	15
612394	3
612418	4
612424	3
612462	5
612473	9
612529	3
612549	12
612560	4
612605	5
612648	4
612664	8
612687	8
612691	4
612780	3
612824	7
612876	8
612887	5
613016	3
613021	4
613046	4
613104	8
613187	14
613191	3
613201	3
613225	5
613289	10
613323	6
613327	10
613395	5
613425	5
613438	10
613491	4
613558	3
613592	7
613607	24
613612	8
613621	3
613651	3
613660	5
613666	4
613684	10
613858	4
613866	13
613892	5
613958	6
613960	3
614006	7
614017	3
614021	5
614063	7
614084	3
614184	4
614264	10
614297	5
614312	6
614374	3
614418	6
614450	6
614458	3
614475	7
614481	8
614496	3
614528	3
614530	8
614548	4
614658	12
614674	5
614754	9
614767	6
614827	9
614904	5
614929	3
614956	4
614972	4
614977	5
615017	3
615030	8
615115	4
615183	30
615187	7
615190	3
615300	11
615308	7
615310	7
615343	3
615351	3
615355	37
615423	4
615496	6
615524	8
615541	3
615573	17
615589	7
615621	5
615633	7
615654	3
615723	8
615736	9
615815	3
615834	7
615850	6
615861	7
615867	5
615878	4
615884	4
615923	4
615972	5
615986	5
615991	11
615995	5
616045	4
616104	3
616135	5
616145	4
616149	3
616151	6
616178	5
616181	7
616220	12
616252	13
616262	4
616271	22
616299	4
616406	5
616415	3
616453	12
616468	5
616474	6
616483	10
616520	4
616521	3
616525	5
616533	3
616579	20
616587	13
616644	5
616652	4
616662	5
616703	4
616801	10
616829	9
616835	7
616838	3
616869	3
616887	3
616904	3
616909	3
616927	7
616938	4
616948	4
616964	5
617093	9
617135	3
617137	4
617189	3
617197	3
617207	6
617235	3
617316	3
617348	4
617389	7
617426	6
617533	5
617562	3
617571	7
617580	4
617614	5
617703	14
617735	4
617816	4
617879	6
617889	6
617899	5
617900	5
617912	3
618007	8
618061	6
618072	13
618097	11
618120	4
618122	3
618124	5
618160	9
618169	13
618188	3
618243	3
618251	9
618278	10
618280	3
618289	8
618339	6
618378	4
618387	4
618406	12
618421	18
618450	51
618491	6
618567	5
618585	3
618587	4
618600	19
618630	11
618727	8
618734	3
618759	3
618782	3
618823	8
618871	7
618876	10
618897	7
619014	3
619061	9
619064	16
619104	8
619202	5
619203	5
619284	3
619369	9
619384	3
619395	5
619400	5
619407	20
619527	7
619575	8
619632	5
619657	13
619723	19
619784	6
619802	3
619806	3
619836	3
619837	11
619838	3
619875	9
619897	3
619898	6
619902	3
619907	3
619909	4
620006	8
620029	30
620115	3
620176	3
620201	6
620233	6
620267	12
620270	39
620310	6
620323	3
620342	6
620362	4
620383	8
620403	3
620492	16
620579	4
620583	24
620585	3
620600	4
620614	7
620629	4
620638	4
620639	5
620745	3
620784	3
620829	4
620910	4
620941	3
620988	4
620990	4
620992	4
621093	5
621159	7
621213	5
621240	4
621247	47
621255	4
621292	3
621329	7
621331	3
621378	5
621397	5
621403	3
621444	3
621489	4
621547	5
621558	13
621569	3
621595	3
621714	3
621717	3
621765	3
621844	5
621850	4
621865	4
621898	6
622038	3
622053	6
622212	7
622227	3
622235	8
622311	4
622325	6
622326	5
622338	8
622347	3
622408	12
622432	3
622433	3
622597	73
622598	10
622605	9
622638	4
622754	10
622834	9
622845	3
622847	3
622856	8
622948	3
622960	3
622994	4
623011	3
623020	3
623074	14
623079	3
623088	3
623113	4
623117	5
623166	3
623188	8
623189	3
623226	7
623352	8
623394	4
623426	3
623567	5
623622	3
623676	7
623779	7
623831	10
623837	4
623841	3
623865	4
623887	4
623893	6
623905	6
623906	3
623921	6
623927	3
623990	3
624004	6
624035	5
624047	12
624056	3
624064	5
624074	3
624148	7
624193	9
624228	3
624278	6
624341	4
624371	5
624383	9
624384	3
624399	3
624410	4
624413	15
624424	7
624487	3
624489	5
624584	6
624587	7
624637	19
624640	4
624786	5
624867	12
624904	4
624925	3
624985	6
625070	5
625073	7
625083	5
625093	3
625111	5
625122	5
625125	14
625174	4
625199	6
625231	8
625249	14
625289	7
625320	5
625360	4
625403	5
625438	3
625439	3
625449	4
625480	7
625516	7
625545	5
625595	3
625631	3
625643	4
625659	6
625675	5
625679	3
625682	8
625706	4
625728	10
625797	31
625894	5
625956	6
625972	3
626006	3
626018	3
626030	5
626041	4
626071	9
626078	3
626123	4
626138	11
626147	3
626249	4
626261	3
626359	6
626404	10
626420	3
626472	5
626475	8
626479	15
626597	4
626669	4
626844	4
626895	6
626899	3
626900	5
626957	7
626976	9
626979	6
627030	4
627054	3
627166	8
627172	3
627202	4
627237	4
627286	3
627349	3
627397	5
627399	6
627400	24
627419	5
627429	6
627482	18
627484	8
627492	7
627512	5
627533	6
627541	8
627542	4
627561	4
627572	5
627628	6
627637	4
627678	3
627706	9
627739	5
627740	6
627926	24
627927	10
627952	5
628000	12
628031	5
628072	8
628075	28
628111	7
628161	4
628216	3
628218	45
628284	4
628393	6
628394	9
628420	4
628431	4
628451	3
628497	7
628607	4
628619	4
628678	14
628691	5
628693	3
628723	3
628794	4
628802	3
628825	4
628826	3
628830	3
628865	3
628881	3
628916	5
628968	6
628970	3
628973	25
628976	3
629025	4
629047	4
629050	7
629095	6
629383	15
629384	3
629447	3
629488	6
629500	8
629608	5
629623	3
629664	12
629688	5
629722	5
629785	13
629793	3
629822	5
629863	3
629910	5
629962	4
629977	8
629992	5
630020	7
630035	7
630083	6
630118	5
630127	8
630158	5
630299	5
630326	3
630329	8
630345	3
630350	14
630406	9
630413	4
630432	8
630471	3
630485	5
630498	6
630562	5
630571	4
630609	6
630648	5
630661	4
630730	6
630744	5
630750	7
630778	4
630911	4
630914	13
630930	4
630939	3
630941	5
630944	8
630970	7
631000	5
631048	7
631049	9
631058	13
631103	43
631115	3
631160	4
631161	5
631208	7
631263	3
631266	6
631353	4
631371	7
631375	4
631406	6
631424	3
631460	3
631550	4
631577	4
631622	3
631625	6
631638	5
631657	4
631732	16
631756	6
631775	3
631787	4
631835	4
631836	8
631851	8
631865	3
631895	5
631901	5
631941	4
631942	3
631955	5
631970	6
631990	4
632063	7
632064	6
632115	3
632127	9
632198	9
632255	20
632273	3
632274	5
632299	6
632330	9
632331	3
632393	11
632395	3
632401	3
632404	9
632409	4
632418	4
632469	3
632614	7
632632	4
632680	4
632709	4
632724	3
632728	4
632741	8
632787	3
632811	3
632820	7
632829	8
632917	9
632924	3
632963	6
632966	3
632985	5
633063	4
633091	10
633092	10
633093	9
633094	11
633101	5
633111	8
633114	3
633155	13
633169	8
633189	8
633190	8
633235	8
633238	16
633265	6
633300	7
633307	17
633314	5
633344	3
633353	8
633357	3
633447	5
633454	10
633541	12
633556	5
633594	4
633639	5
633663	7
633685	15
633706	3
633754	11
633789	11
633812	4
633849	9
633867	10
633869	5
633873	9
633890	3
633925	58
633939	21
634019	9
634030	3
634033	24
634041	6
634060	10
634153	3
634211	3
634221	7
634234	3
634325	3
634344	8
634434	4
634447	6
634452	6
634466	7
634484	3
634491	3
634497	3
634624	11
634649	16
634698	7
634734	6
634739	5
634787	3
634796	16
634798	9
634813	5
634822	11
634849	4
634851	4
634881	16
634888	6
634913	5
634954	5
635064	5
635078	5
635079	6
635141	4
635152	26
635188	21
635253	6
635279	5
635301	22
635338	9
635381	5
635412	9
635454	3
635468	3
635499	6
635518	7
635578	3
635667	2
635684	4
635731	6
635739	2
635776	5
635789	37
635795	3
635810	6
635867	3
635874	6
635888	3
635938	2
635952	10
635996	9
636065	4
636148	3
636223	15
636261	18
636268	9
636307	4
636328	3
636456	3
636596	5
636655	40
636659	3
636682	9
636734	3
636849	9
636867	6
637009	4
637057	2
637087	4
637178	6
637336	4
637391	5
637459	7
637464	7
637496	3
637514	3
637543	17
637655	6
637679	5
637726	6
637785	3
637797	3
637842	34
637950	7
638161	2
638250	11
638295	3
638298	5
638303	4
638357	15
638456	8
638538	14
638573	14
638623	10
638672	7
638694	8
638721	8
638872	2
638881	5
638915	9
639005	6
639058	5
639159	8
639321	3
639331	5
639361	18
639364	9
639384	5
639398	3
639475	13
639587	6
639590	4
639597	6
639708	14
639773	12
639855	8
639980	3
640023	13
640080	10
640246	23
640406	7
640410	8
640417	5
640509	3
640641	4
640727	5
640813	2
640840	13
640894	3
640903	3
640936	2
641041	2
641075	6
641149	2
641180	3
641189	3
641236	10
641240	2
641242	3
641330	2
641349	2
641350	9
641386	2
641388	5
641434	5
641528	4
641534	4
641555	6
641566	10
641593	4
641608	4
641650	2
641812	3
641869	13
641978	4
641998	5
642022	11
642085	24
642140	3
642188	3
642204	10
642218	4
642250	7
642258	3
642282	7
642293	4
642308	7
642337	29
642383	3
642448	3
642558	7
642607	4
642742	3
642767	15
642840	3
642859	16
642919	5
642945	3
643060	11
643092	13
643145	7
643357	2
643477	18
643527	4
643532	6
643578	4
643774	3
643827	5
643842	9
643849	2
643878	3
643883	7
643976	26
644072	3
644139	10
644172	7
644203	3
644262	5
644348	6
644437	6
644495	4
644546	6
644587	9
644610	3
644796	45
644803	6
644807	14
644890	10
644898	5
644936	7
644956	119
644986	20
644987	74
645015	8
645027	242
645201	8
645204	3
645251	25
645321	15
645327	3
645487	7
645493	5
645584	3
645587	3
645626	2
645642	3
645695	6
645748	10
645759	3
645799	3
645830	16
645846	3
645879	7
645932	4
645983	3
645988	3
646228	6
646271	11
646296	6
646350	3
646378	4
646453	2
646545	9
646661	6
646696	3
646782	4
646801	13
646829	6
646886	3
647046	5
647126	7
647129	4
647176	3
647281	3
647413	3
647422	3
647504	2
647586	11
647603	3
647708	21
647728	3
647975	3
648045	5
648075	19
648117	5
648259	4
648333	15
648439	2
648497	6
648531	3
648540	4
648544	6
648574	9
648592	3
648633	5
648817	15
648835	5
648909	3
648966	6
648979	8
648998	3
649000	6
649158	15
649180	3
649193	3
649211	3
649229	6
649242	9
649317	5
649339	4
649389	5
649451	7
649501	9
649560	6
649561	5
649639	10
649645	4
649699	4
649714	6
649765	4
649769	7
649780	4
649859	5
649891	5
649898	9
649932	5
649936	11
649947	4
650054	5
650106	7
650140	11
650273	3
650404	11
650418	7
650702	10
650779	3
650791	2
650849	7
650918	12
650923	30
650927	148
650945	60
650947	3
651009	4
651103	4
651121	14
651141	3
651185	10
651219	4
651235	249
651242	3
651336	4
651484	3
651490	21
651522	2
651532	5
651752	3
651821	8
651876	3
651878	3
652095	3
652110	5
652115	6
652193	9
652395	4
652408	9
652421	3
652433	4
652440	13
652646	15
652651	3
652710	6
652744	7
652906	6
652927	5
652946	5
652954	3
652961	17
653069	13
653134	4
653153	7
653263	3
653330	8
653459	4
653486	12
653618	3
653670	9
653722	13
653832	15
653932	4
653958	9
654125	7
654370	8
654371	4
654442	9
654534	3
654541	3
654542	3
654576	6
654628	8
654669	6
654801	5
654816	24
654898	3
655106	4
655120	3
655366	5
655396	16
655413	9
655428	4
655429	3
655449	4
655454	8
655470	11
655484	4
655494	3
655531	4
655540	3
655579	4
655586	4
655587	20
655625	4
655627	5
655663	6
655671	3
655683	4
655699	6
655720	7
655726	3
655737	11
655779	8
655804	5
655862	3
655866	6
655933	3
655942	7
656030	4
656058	3
656208	3
656346	4
656353	3
656377	3
656404	3
656428	13
656473	11
656478	7
656524	7
656544	12
656683	7
656978	5
656995	10
657136	23
657279	6
657354	7
657358	11
657447	5
657453	2
657489	4
657550	3
657558	7
657559	32
657592	4
657628	3
657846	5
657916	6
657961	4
658038	6
658061	5
658064	4
658104	3
658126	4
658150	4
658161	2
658174	9
658178	5
658378	3
658450	2
658453	4
658471	29
658500	20
658544	27
658720	3
658725	2
658730	5
658785	5
658917	5
658935	3
658960	6
659104	9
659211	7
659325	10
659364	9
659493	9
659498	5
659499	4
659505	3
659535	4
659544	8
659574	4
659590	4
659604	2
659665	7
659753	8
659773	4
659846	6
659860	17
659861	6
659943	2
660003	2
660023	6
660108	6
660160	7
660220	9
660236	8
660270	4
660302	9
660335	8
660340	4
660407	3
660422	4
660423	7
660489	11
660667	2
660797	12
660812	2
660832	3
660887	6
660936	4
660995	11
661050	3
661096	6
661133	5
661148	2
661155	4
661237	6
661280	7
661359	4
661449	14
661454	24
661468	5
661480	8
661560	3
661649	33
661668	8
661673	6
661674	8
661691	3
661713	3
661800	9
661916	2
661932	5
661973	2
661974	7
661977	6
662027	13
662129	10
662153	10
662180	3
662198	3
662203	2
662315	4
662355	4
662425	5
662461	4
662486	7
662570	7
662610	3
662778	8
662792	3
662900	4
662956	5
663044	5
663088	6
663129	6
663247	2
663353	5
663371	7
663417	4
663549	238
663561	14
663563	14
663570	4
663575	4
663580	8
663601	3
663602	4
663607	1894
663610	1117
663615	3
663618	3
663620	36
663628	5
663652	7
663658	5
663669	3
663673	14
663676	4
663684	5
663712	9
663732	3
663738	9
663741	5
663742	7
663774	8
663788	5
663809	101
663839	4
663853	15
663877	6
663893	7
663896	3
663899	6
663909	378
663911	4
663920	4
663929	4
663932	266
663937	10
663948	131
663951	3
663964	6
664016	4
664021	3
664022	6
664023	5
664032	18
664050	8
664069	4
664073	9
664116	5
664139	5
664149	5
664155	11
664159	27
664205	3
664211	14
664217	47
664222	14
664232	13
664233	19
664245	9
664254	3
664270	4
664286	6
664314	6
664321	45
664327	24
664337	5
664342	7
664345	13
664350	7
664358	3
664382	6
664403	18
664412	3
664425	31
664435	6
664445	3
664446	13
664455	10
664470	3
664476	7
664484	4
664491	5
664498	4
664533	6
664537	7
664549	8
664573	15
664586	5
664589	4
664610	10
664634	9
664638	18
664640	3
664646	3
664681	6
664747	3
664790	66
664829	8
664831	3
664832	3
664836	12
664842	3
664857	8
664870	12
664893	6
664901	6
664907	3
664920	4
664996	22
665001	13
665007	3
665010	6
665012	20
665025	3
665028	4
665056	11
665078	4
665088	18
665107	14
665122	3
665136	8
665171	47
665181	3
665191	71
665194	6
665195	3
665217	6
665249	61
665250	4
665254	6
665284	6
665350	9
665361	7
665386	15
665399	6
665409	3
665423	5
665425	4
665434	10
665469	162
665566	4
665595	3
665614	129
665638	4
665648	552
665658	3
665663	5
665711	16
665716	51
665718	68
665721	3
665745	6
665792	4
665861	3
665898	4
665908	4
665917	3
665934	30
665936	4
665949	4
665961	12
665963	16
665969	31
666028	13
666043	12
666047	6
666050	3
666051	5
666092	5
666125	5
666137	5
666209	17
666237	5
666243	10
666258	5
666320	4
666340	3
666357	3
666398	6
666445	4
666473	13
666478	8
666502	5
666506	6
666512	6
666522	6
666527	9
666533	5
666561	3
666566	3
666576	58
666594	3
666614	3
666718	404
666773	623
666798	267
666858	11
666894	4
666916	11
666919	4
666946	6
666952	14
666987	1087
666997	11
667012	7
667024	19
667060	3
667171	7
667187	7
667200	214
667201	43
667227	4
667229	6
667243	6
667264	18
667300	9
667322	3
667326	1056
667360	20
667395	7
667398	10
667438	472
667470	46
667472	13
667487	3
667491	3
667516	15
667608	5
667675	13
667690	7
667692	26
667699	407
667700	15
667717	4
667724	4
667792	14
667847	4
667854	4
667924	14
667937	3
667943	5
667945	5
667972	11
668008	8
668048	4
668081	5
668097	4
668127	3
668141	4
668217	28
668222	4
668260	3
668342	6
668407	4
668476	4
668516	5
668577	11
668710	16
668750	22
668759	3
668764	7
668793	7
668796	3
668809	3
668815	5
668860	23
668886	5
668900	1011
668980	3
669007	4
669065	28
669085	8
669095	33
669111	4
669122	14
669146	12
669206	4
669207	17
669264	6
669268	6
669269	4
669280	15
669290	4
669307	10
669314	14
669320	6
669322	7
669364	3
669369	19
669374	6
669379	282
669401	8
669418	39
669423	5
669427	10
669433	9
669440	8
669446	396
669454	3
669462	5
669467	3
669481	3
669494	3
669512	3
669516	6
669583	4
669621	4
669706	39
669718	4
669720	3
669740	3
669748	5
669841	5
669854	3
669908	3
670064	4
670108	3
670155	4
670194	102
670203	29
670208	52
670255	3
670263	3
670280	4
670284	3
670285	44
670293	284
670295	8
670303	347
670310	5
670319	38
670320	12
670322	134
670326	80
670350	4
670382	74
670439	4
670442	10
670455	3
670467	7
670482	6
670490	4
670499	3
670526	49
670527	8
670534	3
670560	3
670657	6
670688	3
670699	9
670720	3
670768	3
670812	6
670820	7
670830	21
670851	3
670856	5
670868	5
670917	4
671010	39
671052	10
671053	3
671073	6
671175	7
671185	13
671200	10
671226	3
671254	4
671269	7
671319	3
671343	3
671380	11
671385	4
671437	3
671482	8
671488	4
671527	278
671536	5
671634	12
671677	4
671789	5
671839	3
671886	24
671926	7
672016	3
672031	4
672064	62
672073	8
672102	5
672124	10
672137	6
672138	9
672166	12
672177	4
672284	17
672445	10
672453	11
672466	3
672475	6
672514	4
672522	3
672544	5
672555	5
672556	234
672575	3
672582	4
672586	8
672594	8
672623	7
672636	7
672765	3
672817	8
672818	6
672914	9
672939	4
673096	9
673108	6
673113	7
673122	3
673136	3
673146	3
673152	11
673156	3
673175	4
673196	3
673202	3
673289	7
673313	5
673335	4
673337	3
673385	5
673418	6
673463	4
673521	9
673582	4
673610	3
673725	6
673730	3
673744	218
673751	5
673881	7
674016	13
674024	4
674174	5
674187	8
674262	4
674264	16
674284	3
674310	3
674387	8
674413	5
674431	6
674464	5
674498	4
674514	3
674525	3
674532	5
674540	12
674541	11
674544	30
674569	11
674583	3
674599	48
674608	3
674683	8
674709	9
674711	3
674795	4
674893	6
675095	3
675127	6
675279	4
675282	8
675291	3
675292	10
675407	9
675417	5
675424	32
675470	4
675527	4
675541	4
675553	20
675576	3
675971	33
676209	4
676353	7
676468	5
676592	3
676609	4
676630	24
676651	6
676694	153
676695	5
676697	19
676715	8
676718	3
676756	4
676787	11
676818	21
676845	4
676893	12
676980	10
676986	14
676996	3
677026	7
677077	7
677136	56
677216	3
677258	5
677282	5
677291	14
677369	35
677375	7
677386	3
677395	9
677399	11
677411	7
677415	4
677444	4
677471	9
677513	8
677520	3
677584	3
677587	4
677634	6
677640	7
677643	6
677701	10
677722	115
677818	4
677907	3
677936	3
677961	5
678027	3
678101	3
678254	8
678295	7
678407	5
678414	9
678417	32
678428	778
678440	4
678443	11
678452	4
678504	3
678519	266
678520	885
678548	5
678601	3
678604	5
678672	7
678690	4
678718	4
678726	7
678732	12
678745	6
678763	29
678772	7
678788	10
678806	5
678813	4
678815	12
678847	11
678956	6
678964	5
678978	6
679128	4
679158	6
679216	30
679231	3
679275	4
679309	8
679407	21
679475	14
679486	3
679559	6
679590	21
679621	3
679635	7
679656	6
679777	80
679891	17
679952	5
679991	3
680010	5
680086	10
680232	7
680250	3
680294	5
680454	40
680486	3
680511	5
680545	5
680554	7
680601	8
680609	7
680629	3
680635	8
680665	4
680668	8
680688	8
680700	5
680704	14
680827	5
680835	4
680901	4
680906	5
680937	4
680960	8
681036	4
681088	3
681094	4
681143	119
681184	15
681235	51
681237	25
681365	3
681399	13
681425	14
681431	4
681454	5
681594	167
681638	4
681642	56
681662	6
681672	9
681691	4
681710	438
681853	5
681864	244
681969	4
681983	7
682143	17
682420	3
682462	488
682470	9
682476	6
682484	3
682681	10
682685	3
682716	4
682718	6
682735	29
682737	3
683022	501
683058	10
683093	3
683230	287
683239	3
683309	3
683426	6
683464	8
683487	3
683494	6
683532	9
683567	6
683581	3
683622	3
683705	1743
684081	4
684094	4
684136	3
684162	13
684209	6
684210	18
684234	6
684574	166
684668	4
684816	45
684831	6
684934	6
684947	3
685082	3
685108	3
685136	4
685141	15
685274	3
685602	8
685616	4
685812	33
685827	6
685839	7
686205	38
686259	4
686285	213
686328	8
686346	4
686347	9
686478	5
686484	8
686528	23
686555	18
686568	3
686598	7
686605	4
686619	3
686620	7
686631	8
686667	124
686708	5
686726	12
686736	3
686738	11
686740	3
686810	4
686815	57
686820	168
686845	4
686885	5
686886	3
686901	4
687025	3
687029	8
687036	3
687286	3
687376	3
687474	3
687568	3
687575	3
687599	3
687612	3
687616	3
687619	3
687647	3
687700	3
687701	6
687723	4
687803	6
687880	44
687914	4
687952	3
687976	7
688027	7
688029	4
688030	6
688054	6
688071	4
688096	5
688112	8
688128	3
688166	17
688169	8
688184	26
688401	16
688532	6
688554	98
689102	4
689110	6
689117	5
689171	3
689202	15
689240	20
689252	25
689303	6
689316	3
689326	33
689356	5
689417	6
689468	7
689471	13
689483	3
689540	3
689558	7
689634	4
689637	8
689682	10
689704	3
689715	4
689723	6
689864	5
690065	5
690067	3
690092	6
690098	9
690137	29
690158	3
690177	7
690181	5
690184	3
690202	3
690238	7
690267	5
690328	8
690392	11
690397	9
690535	4
690537	3
690541	5
690572	5
690670	8
690674	5
690778	17
690875	4
690888	7
690917	11
690955	3
690965	5
690991	5
691032	9
691077	3
691121	4
691139	8
691184	8
691192	3
691299	3
691323	6
691333	15
691335	6
691397	8
691483	4
691585	3
691675	7
691690	4
691724	4
691748	4
691800	3
691975	3
692066	4
692090	22
692098	8
692112	4
692115	5
692238	3
692251	5
692290	15
692291	4
692318	6
692333	24
692721	3
692790	3
692838	6
692911	3
692950	28
692951	3
692976	4
692986	7
693270	8
693315	1340
693338	3
693376	4
693379	5
693452	17
693525	5
693544	7
693566	16
693638	43
693708	86
693723	273
693826	5
693946	3
693950	4
693981	6
694103	4
694106	8
694281	5
694286	26
694356	7
694376	78
694433	5
694452	22
694527	3
694712	3
694997	5
695117	4
695152	228
695162	23
695174	8
695239	3
695328	3
695347	8
695376	8
695489	3
695507	3
695511	3
696011	15
696097	9
696143	9
696188	8
696203	3
696241	20
696302	3
696338	4
696482	3
696502	9
696537	8
696621	3
696682	12
696689	7
696705	6
696708	5
696709	4
696771	4
696817	12
696888	5
696918	30
696929	5
696954	5
696960	3
696966	3
696985	4
697014	7
697017	3
697058	3
697072	3
697079	4
697085	3
697089	4
697110	4
697113	6
697120	3
697135	21
697143	5
697181	4
697211	10
697235	7
697253	10
697332	6
697340	3
697345	4
697363	3
697390	14
697555	4
697673	2208
697912	6
697954	334
697959	5
697982	3
697989	6
697996	24
698002	3
698007	205
698058	6
698175	3
698247	11
698281	9
698306	6
698347	3
698358	7
698468	12
698470	3
698538	3
698584	8
698632	79
698651	11
698687	3
698726	5
698728	4
698752	3
698768	4
698769	22
698770	3
698781	9
698846	3
699073	4
699080	4
699110	3
699117	4
699139	3
699146	9
699179	233
699186	6
699240	6
699414	5
699657	7
699670	5
699732	3
699898	4
699917	20
699945	34
700015	14
700081	10
700107	6
700158	5
700214	9
700298	3
700391	4
700418	308
700420	6
700470	4
700477	3
700490	4
700527	5
700542	6
700600	30
700632	12
700635	3
700695	3
700698	3
700702	3
700706	18
700728	284
700741	3
700771	6
700780	5
700800	11
700810	9
700814	28
700838	4
700868	4
700920	7
700975	5
700978	4
700993	13
701044	9
701051	3
701062	4
701083	8
701092	7
701106	8
701115	18
701116	54
701144	6
701158	5
701177	11
701182	3
701203	6
701213	3
701215	6
701317	355
701320	3
701360	16
701369	3
701406	4
701416	9
701446	3
701476	3
701487	9
701489	8
701523	13
701538	4
701688	4
701717	25
701727	3
701730	4
701864	6
701907	3
701908	10
701940	9
701976	9
701983	12
702006	3
702015	3
702109	3
702111	5
702126	3
702151	26
702198	8
702223	7
702230	3
702245	4
702303	10
702339	59
702359	9
702450	8
702462	5
702496	5
702561	7
702671	3
702694	4
702740	3
702744	31
702769	4
702790	4
702800	3
702861	4
703017	70
703055	5
703057	3
703119	3
703161	4
703191	22
703423	8
703553	5
704257	5
704272	8
704282	4
704336	4
704382	7
704423	62
704432	6
704476	6
704501	12
704516	4
704528	4
704553	4
704556	5
704557	4
704568	3
704584	4
704660	4
704689	17
704708	7
704730	3
704754	3
704803	8
704805	3
704817	32
704835	13
704880	14
704968	16
704995	19
705105	3
705181	5
705191	4
705205	5
705263	3
705286	354
705290	540
705292	3
705325	4
705360	25
705378	5
705381	5
705464	8
705472	5
705483	3
705487	39
705496	7
705498	6
705515	4
705538	5
705560	7
705574	6
705606	5
705609	7
705704	6
705727	6
705732	3
705742	6
705751	11
705820	6
705853	5
705860	15
705867	3
705879	6
705894	5
705925	7
705935	3
705958	5
706108	5
706164	5
706237	4
706252	9
706256	3
706290	8
706360	17
706432	3
706444	3
706455	6
706463	8
706524	10
706529	5
706563	4
706595	10
706623	24
706631	6
706750	6
706795	6
706807	6
706824	12
706835	5
706852	6
706953	11
706962	3
707043	42
707057	6
707131	3
707192	12
707213	13
707269	7
707287	21
707355	4
707363	7
707442	4
707492	3
707587	9
707625	3
707744	645
707745	26
707750	9
707763	85
707812	4
707824	3
707825	4
707918	4
707966	16
708004	3
708012	4
708072	4
708264	7
708299	8
708309	33
708333	4
708393	10
708396	4
708418	12
708426	4
708428	3
708555	5
708556	7
708583	6
708609	3
708633	7
708643	11
708653	12
708663	42
708684	22
708685	3
708720	4
708733	3
708742	20
708806	5
708811	4
708833	19
708872	86
708876	11
708890	8
708894	3
708910	9
708936	9
708973	4
708999	5
709006	5
709108	4
709133	3
709154	6
709168	8
709169	43
709195	8
709207	22
709218	7
709251	5
709325	5
709373	5
709377	4
709387	7
709390	10
709394	6
709437	5
709588	3
709604	3
709630	3
709642	12
709653	4
709657	4
709671	7
709720	5
709721	6
709726	3
709827	5
709867	35
709876	3
709878	14
709925	5
709949	6
709963	3
709965	15
709969	8
709984	3
710029	9
710136	5
710139	3
710172	3
710469	4
710660	18
710666	12
710698	5
710714	3
710718	9
710884	89
710900	27
710925	7
710926	3
710955	6
710962	4
710977	3
710995	5
710998	3
711040	19
711042	170
711049	14
711060	6
711061	10
711073	3
711084	8
711115	9
711231	3
711286	3
711295	11
711320	5
711326	5
711333	3
711408	5
711459	59
711462	18
711516	15
711527	4
711554	3
711555	12
711635	4
711703	3
711709	4
711721	6
711737	4
711740	5
711757	4
711760	16
711767	4
711805	24
711829	8
711884	5
711885	3
711918	3
711936	8
711959	7
712031	3
712036	5
712040	14
712205	4
712214	3
712240	4
712305	6
712329	3
712363	3
712472	3
712790	5
712794	6
712806	3
712861	8
712892	4
712944	4
713031	3
713155	5
713171	5
713188	6
713209	42
713224	7
713238	53
713246	10
713270	117
713299	7
713358	7
713396	4
713412	6
713482	8
713533	3
713822	9
713870	19
713946	6
713975	3
713982	14
713988	5
714014	7
714023	4
714061	5
714114	5
714169	8
714203	5
714207	3
714209	5
714211	5
714212	3
714237	7
714247	40
714271	4
714316	4
714329	3
714353	36
714400	8
714403	4
714411	3
714427	12
714445	11
714488	5
714499	3
714547	23
714609	17
714612	18
714655	4
714661	3
714775	7
714785	27
714804	3
714819	6
714864	4
714878	3
714976	5
714997	4
715132	5
715148	4
715187	725
715203	11
715357	5
715412	4
715510	5
715836	122
715913	4
716010	3
716011	7
716015	3
716016	3
716336	9
716476	6
716535	10
717106	7
717186	69
717306	3
717336	4
717663	72
717678	4
717829	11
717946	39
718458	6
718501	5
718588	3
718610	3
718624	3
718633	9
718686	5
718704	4
718756	5
718762	6
718807	5
718890	75
718901	446
718924	4
719190	66
719380	3
719606	219
719608	77
719692	4
719939	3
720033	3
720049	6
720185	5
720197	4
720544	23
720562	31
720595	3
720634	49
720637	8
720676	3
720759	10
720777	3
720876	3
720879	4
720895	8
720942	5
720968	5
720983	6
720987	3
720996	45
720999	6
721022	5
721037	7
721056	5
721061	7
721171	3
721220	3
721246	83
721256	5
721267	5
721382	3
721412	4
721419	3
721448	5
721491	7
721522	6
721533	11
721549	6
721564	5
721578	4
721683	6
721708	9
721713	5
721741	9
721755	22
721770	6
721775	5
721783	4
721824	4
721825	6
721922	11
721961	3
721974	3
722005	5
722014	5
722144	16
722148	11
722257	8
722338	7
722353	3
722430	35
722469	9
722495	122
722525	4
722548	6
722583	3
722682	5
722708	6
722889	7
722922	3
722937	3
723004	6
723006	28
723098	3
723205	19
723227	9
723279	3
723329	7
723330	13
723450	4
723559	9
723583	12
723601	22
723639	4
723706	9
723715	3
723798	3
723825	5
723882	4
723923	254
723924	3
723938	5
723953	15
723970	6
723984	7
724014	278
724071	4
724090	4
724107	4
724142	3
724170	3
724180	5
724231	16
724289	25
724301	4
724355	5
724516	4
724724	3
724733	6
724752	3
724759	5
724818	3
724914	3
724933	10
724934	24
724939	5
724950	7
724969	5
725017	3
725037	5
725104	4
725112	5
725115	6
725126	4
725158	4
725230	3
725256	5
725273	3
725279	6
725308	12
725312	4
725326	7
725364	3
725380	3
725386	3
725425	4
725443	5
725449	19
725532	3
725550	4
725588	12
725593	3
725597	5
725609	3
725645	5
725655	6
725658	7
725695	9
725718	5
725767	12
725785	7
725809	3
725845	5
725850	5
725869	3
725927	3
725988	5
726226	48
726243	7
726311	5
726394	3
726507	7
726971	4
727067	3
727074	5
727114	5
727520	9
727521	3
727530	9
727558	4
727668	5
727688	14
727738	6
727751	8
727752	10
727754	6
727767	4
727811	6
727849	9
727851	77
727956	5
727957	4
727983	5
727993	5
727996	8
727998	10
728005	10
728032	14
728248	6
728269	12
728305	4
728329	6
728333	4
728348	6
728384	4
728397	26
728400	3
728460	3
728502	9
728518	15
728537	8
728690	7
728708	5
728714	8
728743	4
728748	10
728811	3
728874	32
728907	33
728928	3
728947	5
728971	5
729068	9
729072	4
729088	4
729098	5
729697	3
729854	13
729990	4
730127	7
730160	21
730185	5
730226	11
730246	18
730288	3
730299	7
730333	4
730344	23
730394	9
730400	5
730413	3
731143	67
731185	4
731189	6
731224	3
731441	10
731668	6
731779	7
731887	6
731922	4
731923	6
731930	4
731942	4
731946	6
732010	11
732014	3
732038	3
732039	5
732046	36
732052	4
732187	9
732191	22
732200	11
732209	5
732219	4
732262	7
732270	49
732291	3
732336	4
732383	5
732405	3
732554	37
732580	9
732595	7
732681	8
732694	4
732730	7
732863	4
732924	15
732961	12
732997	3
733010	46
733063	22
733108	6
733195	26
733248	4
733286	7
733303	4
733323	5
733328	3
733381	8
733388	10
733392	7
733410	5
733556	4
733562	8
733566	3
733573	3
733634	4
733635	3
733723	3
733766	3
733790	5
733797	3
733834	8
733922	16
733928	3
733944	3
733948	3
733977	4
733978	5
733992	3
733997	6
733999	4
734014	3
734041	5
734056	11
734068	3
734075	7
734094	4
734118	32
734352	14
734380	5
734385	3
734411	3
734459	23
734533	8
734568	14
734711	6
734726	57
734739	4
734754	23
734756	106
734770	236
734776	33
734811	6
734831	4
734835	5
734879	13
734917	12
734939	30
734983	4
735039	13
735051	3
735098	5
735113	13
735114	4
735183	3
735309	6
735315	5
735346	9
735411	4
735421	3
735569	11
735578	8
735590	6
735637	6
735731	8
735738	3
735750	8
735797	3
735800	14
735814	24
735828	3
735849	5
735999	170
736113	6
736130	3
736138	10
736143	5
736152	3
736170	12
736173	3
736180	17
736202	23
736207	59
736226	47
736237	4
736281	40
736299	3
736305	3
736312	4
736313	21
736336	3
736374	3
736438	3
736500	5
736513	4
736573	4
736589	3
736604	3
736639	4
736686	42
736846	4
736851	89
736891	5
736980	51
737090	3
737237	3
737322	3
737352	8
737459	3
737586	8
737595	4
737642	6
737649	4
737704	18
737710	3
737726	7
737832	3
737952	3
737955	9
737957	3
737959	5
737963	6
737979	8
738009	5
738063	4
738136	9
738166	13
738168	8
738169	3
738182	4
738252	9
738293	27
738396	4
738436	6
738441	12
738447	8
738507	104
738517	8
738595	4
738600	3
738627	9
738660	7
738663	3
738665	5
738714	3
738745	4
738777	4
738781	4
738784	5
738791	7
738799	4
738805	4
738980	3
739146	3
739638	4
739685	3
739860	7
739890	3
740003	6
740068	4
740278	9
741138	5
741321	6
741455	3
741614	6
742272	5
742322	6
742570	8
743102	16
743210	3
744332	3
744499	5
744966	4
745056	4
745169	4
745201	3
745500	3
745547	8
745690	3
746766	12
746808	4
746905	6
746917	4
746933	10
746946	41
746997	7
746998	10
747016	30
747173	6
747175	3
747244	4
747254	5
747284	5
747299	32
747323	4
747325	4
747353	4
747373	7
747442	3
747447	3
747458	3
747558	3
747566	5
747579	12
747595	14
747615	3
747620	5
747649	6
747656	49
747702	3
747707	3
747710	6
747719	3
747731	10
747764	51
747765	5
747820	3
747873	26
747951	11
747963	3
748072	5
748075	4
748137	10
748197	5
748205	10
748210	3
748266	4
748269	4
748271	229
748347	9
748377	14
748381	5
748390	5
748394	3
748399	4
748418	3
748448	40
748541	3
748561	5
748591	9
748595	5
748602	5
748632	4
748675	5
748685	6
748717	3
748734	3
748761	93
748803	8
748824	3
748874	4
748881	16
748882	3
748899	38
748903	10
748919	7
748926	4
748928	7
748932	94
749044	4
749059	39
749069	5
749079	12
749146	5
749149	3
749175	5
749259	4
749284	13
749330	4
749375	54
749378	4
749396	12
749398	20
749461	3
749514	6
749591	5
749599	7
749631	5
749640	7
749682	3
749693	8
749706	3
749733	8
749817	3
749899	10
749948	3
749959	6
749969	3
749979	6
