250036	3
250056	6
250157	3
250161	4
250198	8
250218	5
250221	6
250249	4
250300	4
250426	4
250805	4
250896	4
250898	3
251068	7
251176	4
251276	4
251318	5
251325	3
251331	3
251382	8
251411	8
251415	5
251451	6
251472	5
251484	6
251529	3
251559	4
251574	3
251580	5
251583	4
251586	4
251692	3
251735	4
251738	3
251796	4
251818	5
251865	27
251988	6
252031	6
252139	4
252206	4
252238	5
252270	4
252435	3
252506	15
252545	3
252554	20
252585	3
252601	4
252630	7
252644	3
252689	4
252960	278
253002	5
253043	16
253167	8
253328	4
253368	8
253402	4
253407	3
253424	7
253509	4
253611	8
253618	12
253733	3
253752	11
253792	5
253800	3
253808	12
253809	4
253816	30
253819	6
253820	4
253830	4
253867	16
253894	4
253916	7
253925	10
253936	8
253941	3
253944	3
253953	5
253964	6
253974	4
253980	5
253982	10
253994	3
254068	3
254072	5
254076	4
254096	3
254111	10
254117	6
254171	3
254173	4
254180	20
254191	21
254199	6
254213	6
254328	4
254348	6
254354	4
254396	3
254423	6
254426	4
254453	11
254508	3
254524	3
254563	7
254568	12
254668	11
254672	4
254693	4
254752	3
254928	8
254979	5
255028	5
255046	8
255155	5
255359	3
255363	8
255384	4
255432	3
255443	4
255455	4
255474	5
255479	4
255568	3
255575	5
255591	3
255594	9
255613	4
255623	3
255627	8
255635	4
255648	3
255659	9
255677	5
255678	5
255692	3
255699	5
255700	5
255701	6
255709	7
255716	3
255742	8
255763	14
255787	8
255796	6
255808	4
255813	4
255827	5
255843	6
255858	3
255863	4
255922	3
255924	18
256004	6
256039	17
256127	8
256144	6
256147	3
256189	11
256209	6
256292	23
256493	6
256516	68
256539	3
256555	15
256559	7
256591	3
256607	9
256625	6
256676	6
256686	11
256691	5
256692	9
256721	16
256790	8
256873	4
256877	11
256913	15
256915	11
256916	13
256927	34
257000	6
257002	11
257003	4
257098	9
257104	3
257115	10
257118	7
257128	6
257134	6
257136	6
257137	19
257143	3
257153	5
257157	7
257173	3
257187	8
257231	6
257251	7
257272	6
257276	3
257286	11
257312	4
257328	10
257359	17
257363	5
257376	18
257390	10
257391	8
257411	7
257450	3
257452	5
257461	5
257462	5
257472	3
257478	10
257501	8
257507	9
257523	14
257525	4
257574	9
257586	14
257608	7
257637	8
257656	60
257659	9
257679	3
257688	3
257692	9
257712	3
257746	6
257762	3
257765	5
257767	4
257789	10
257804	6
257806	5
257808	9
257869	7
257885	10
257887	4
257901	6
257967	4
257988	5
258014	4
258042	4
258046	3
258071	5
258076	5
258091	8
258126	8
258200	13
258204	4
258213	10
258216	3
258217	8
258220	7
258255	8
258260	25
258301	3
258353	6
258362	4
258402	16
258404	3
258433	25
258464	7
258486	20
258491	11
258495	4
258500	6
258511	25
258512	3
258513	4
258542	12
258551	4
258567	3
258592	22
258656	5
258673	8
258706	5
258713	12
258733	4
258762	11
258763	11
258780	7
258797	8
258813	8
258819	18
258886	7
258892	16
258906	8
258968	7
259077	4
259103	3
259148	7
259149	10
259177	4
259192	8
259193	6
259255	3
259287	5
259304	3
259325	7
259351	10
259354	10
259377	8
259384	10
259386	3
259390	3
259440	3
259441	6
259518	4
259531	4
259532	5
259542	4
259544	3
259553	3
259586	3
259610	5
259639	7
259691	3
259698	8
259725	4
259745	15
259746	21
259765	3
259831	5
259858	12
259859	6
259870	10
259908	16
259911	3
259937	7
259988	6
260054	4
260072	3
260088	15
260132	5
260221	8
260234	3
260237	4
260281	3
260299	4
260367	6
260379	7
260399	3
260411	3
260422	12
260466	3
260471	9
260472	3
260475	10
260513	7
260518	5
260548	12
260552	10
260554	4
260579	3
260582	4
260588	3
260594	4
260598	4
260601	5
260603	4
260613	5
260629	13
260661	5
260689	11
260692	8
260701	12
260713	4
260720	41
260734	3
260740	8
260756	5
260794	13
260797	7
260801	9
260811	3
260840	3
260866	9
260869	6
260879	4
260882	26
260883	16
260900	3
260904	6
260958	3
261006	6
261010	4
261012	9
261030	4
261045	4
261047	38
261068	7
261085	5
261102	20
261190	6
261192	3
261314	3
261379	3
261386	6
261439	9
261491	11
261507	8
261547	14
261575	9
261579	5
261602	5
261609	9
261639	6
261646	4
261674	7
261676	4
261683	3
261695	4
261734	6
261768	15
261817	3
261899	15
261928	8
261940	4
261951	9
261953	12
261955	5
262004	7
262036	21
262048	7
262062	11
262094	10
262129	4
262152	19
262174	6
262192	95
262206	5
262221	17
262238	3
262250	4
262356	3
262369	10
262372	9
262373	5
262415	4
262418	5
262427	6
262467	3
262485	5
262510	3
262513	5
262532	3
262538	12
262549	4
262581	12
262602	3
262607	5
262652	7
262664	13
262706	3
262715	7
262732	13
262733	4
262858	19
262862	3
262889	5
262904	3
262949	3
262959	3
262969	31
262984	7
263020	53
263027	7
263038	16
263042	3
263045	5
263049	6
263070	17
263071	6
263106	26
263120	3
263149	7
263174	3
263179	6
263245	3
263254	3
263259	6
263261	4
263270	13
263301	5
263308	4
263311	3
263323	16
263337	12
263446	17
263462	4
263463	5
263502	6
263529	5
263546	8
263594	9
263654	3
263793	5
263804	6
263901	3
263903	5
263941	6
263952	4
263956	3
263964	7
263984	7
264008	15
264045	6
264125	5
264147	5
264151	4
264154	5
264205	10
264208	3
264238	19
264290	5
264396	4
264520	15
264580	10
264581	3
264646	9
264690	12
264703	6
264717	3
264787	4
264788	15
264801	3
264832	3
264844	9
264860	3
264861	4
264862	7
264902	17
264912	9
264914	4
264920	6
264934	6
264950	8
264967	5
264994	4
264997	7
265005	12
265018	11
265023	6
265057	4
265182	7
265327	7
265369	4
265389	7
265448	9
265456	5
265476	13
265495	4
265503	10
265568	3
265620	6
265687	3
265699	8
265723	6
265736	4
265751	10
265765	3
265848	9
265850	11
265878	3
265886	5
265890	4
265922	10
265940	6
265954	3
265984	3
265987	5
266000	16
266004	6
266068	3
266108	5
266154	6
266167	4
266189	3
266215	3
266217	5
266332	18
266366	3
266412	4
266433	5
266470	4
266482	3
266533	8
266544	5
266548	3
266563	5
266586	5
266740	3
266795	3
266939	7
266978	5
267024	10
267033	4
267042	5
267044	11
267066	6
267093	7
267107	9
267109	12
267120	6
267142	25
267157	4
267170	3
267188	6
267202	3
267204	12
267210	4
267355	9
267364	3
267384	6
267393	4
267396	12
267410	4
267418	4
267525	3
267531	4
267610	5
267642	4
267667	9
267672	7
267683	4
267713	3
267736	3
267747	3
267761	7
267823	4
267867	7
267904	4
267912	6
267927	4
267941	22
267946	11
267967	4
267984	3
268066	6
268148	3
268214	11
268223	5
268227	5
268251	15
268277	3
268294	9
268307	11
268338	952
268341	6
268414	3
268418	8
268465	3
268501	8
268517	4
268542	7
268573	9
268575	6
268580	4
268596	5
268659	8
268665	9
268667	3
268691	6
268722	6
268724	3
268759	10
268767	8
268779	24
268828	6
268837	10
268848	4
268855	4
268905	8
268907	7
268915	6
268924	8
268945	3
268951	4
268958	3
268982	4
268997	3
268999	24
269005	18
269011	5
269067	5
269095	12
269116	7
269117	3
269128	3
269129	5
269248	23
269274	3
269350	189
269353	5
269359	5
269372	8
269380	4
269430	6
269442	5
269495	7
269521	5
269538	13
269547	6
269550	4
269665	6
269675	3
269715	5
269798	6
269831	4
269841	25
269842	7
269844	5
269863	4
269885	5
269917	3
269928	9
269971	8
270041	3
270055	8
270077	3
270105	9
270106	4
270136	4
270166	6
270171	4
270188	5
270190	6
270200	17
270202	6
270233	25
270257	10
270258	3
270268	13
270273	3
270279	5
270313	4
270340	4
270374	18
270442	7
270446	11
270461	4
270492	5
270551	4
270565	16
270584	5
270615	6
270626	14
270681	31
270701	4
270713	4
270714	3
270721	3
270723	5
270824	16
270825	7
270826	8
270827	5
270837	10
270842	7
270914	8
270934	3
270936	7
270937	4
270938	3
271022	11
271057	3
271168	5
271178	3
271231	3
271264	12
271266	9
271273	7
271312	21
271330	17
271437	5
271451	4
271455	5
271457	3
271472	4
271473	7
271478	5
271487	6
271504	6
271505	7
271506	3
271507	5
271571	5
271573	4
271618	3
271635	12
271689	11
271690	3
271701	6
271742	19
271755	12
271764	23
271767	3
271774	6
271785	4
271837	7
271854	6
271922	5
271953	10
271963	31
271983	9
272024	3
272269	8
272334	11
272404	7
272420	4
272432	3
272478	14
272524	3
272528	4
272649	4
272729	8
272755	8
272764	15
272770	8
272777	7
272838	4
272861	7
272868	4
272875	3
272877	10
272967	9
272980	9
273007	3
273009	4
273016	3
273020	7
273022	3
273044	8
273060	9
273085	9
273128	7
273143	4
273146	4
273151	3
273153	4
273162	4
273170	7
273244	4
273367	4
273388	21
273404	4
273424	6
273427	10
273455	17
273460	10
273497	10
273501	18
273508	4
273511	3
273540	7
273541	4
273543	9
273553	4
273571	3
273614	5
273645	7
273671	8
273691	3
273693	3
273698	4
273708	4
273723	4
273731	23
273745	8
273748	6
273757	3
273830	4
273857	6
273887	5
273902	6
273915	3
273937	5
273969	14
273995	6
273998	3
274007	11
274055	12
274063	3
274069	9
274079	5
274137	3
274217	3
274245	50
274248	5
274268	7
274274	5
274299	7
274346	4
274375	5
274415	5
274420	9
274424	7
274447	9
274470	8
274489	10
274522	4
274549	10
274558	7
274581	6
274604	7
274622	13
274628	3
274635	7
274637	20
274639	86
274640	17
274641	5
274717	4
274772	4
274783	4
274800	5
274814	4
274819	5
274842	8
274848	4
274872	8
274881	5
274884	10
274907	6
274949	7
274957	12
274963	18
274995	8
275040	11
275048	10
275052	28
275058	18
275068	3
275074	3
275092	3
275107	17
275171	7
275181	12
275277	8
275289	7
275344	8
275347	3
275361	5
275381	4
275396	4
275405	3
275451	17
275457	3
275469	12
275472	7
275497	4
275582	6
275585	4
275615	4
275632	3
275636	13
275668	4
275671	12
275681	14
275682	12
275702	3
275708	12
275709	3
275710	26
275723	19
275735	8
275736	5
275746	3
275762	5
275771	4
275813	6
275862	8
275921	3
275967	4
275974	3
276010	6
276036	10
276039	11
276065	5
276069	3
276122	4
276171	3
276218	4
276249	3
276251	4
276382	5
276389	3
276395	5
276410	8
276428	18
276431	17
276432	14
276443	8
276493	9
276500	6
276501	3
276503	4
276557	5
276588	5
276593	4
276668	4
276691	3
276698	5
276699	3
276710	4
276731	6
276749	3
276831	4
276882	8
276914	3
276919	21
276964	11
277005	5
277022	3
277051	3
277087	3
277096	5
277129	3
277138	4
277166	9
277219	3
277221	12
277222	5
277224	10
277227	4
277241	13
277245	12
277254	5
277266	8
277298	3
277330	6
277539	5
277635	6
277695	3
277760	172
277892	3
277925	17
277963	7
277980	9
278039	3
278084	3
278159	6
278176	8
278194	256
278211	8
278261	7
278267	4
278303	5
278310	6
278313	26
278345	11
278431	5
278515	4
278517	9
278520	5
278522	6
278582	3
278746	5
278775	6
278800	3
278802	4
278842	6
278906	9
278917	5
278943	4
278960	3
278975	4
279056	14
279057	8
279063	8
279067	3
279111	5
279149	5
279157	11
279200	3
279204	30
279213	8
279223	3
279224	3
279282	3
279292	6
279303	11
279320	5
279343	8
279345	7
279373	14
279375	4
279379	7
279390	7
279403	3
279416	4
279421	5
279433	4
279464	5
279468	3
279471	4
279478	312
279493	5
279498	3
279499	5
279500	40
279509	7
279515	4
279516	5
279523	5
279534	5
279573	5
279574	7
279581	15
279596	7
279598	6
279599	3
279614	6
279621	4
279625	8
279627	7
279635	3
279637	4
279643	3
279651	4
279686	9
279688	4
279691	5
279711	4
279713	4
279768	5
279788	14
279829	3
279840	7
279867	4
279871	4
279951	24
279955	3
279979	4
279988	15
280006	57
280015	5
280020	4
280042	14
280057	18
280059	4
280085	7
280100	8
280204	9
280208	12
280235	5
280240	9
280255	5
280282	9
280295	4
280298	7
280309	4
280338	6
280352	5
280357	13
280410	7
280426	3
280437	18
280517	5
280628	9
280635	9
280657	3
280661	10
280662	12
280798	4
280916	9
280988	186
281070	8
281168	6
281194	6
281198	6
281208	12
281241	4
281248	3
281252	3
281277	3
281310	4
281314	9
281346	5
281351	3
281352	6
281368	3
281378	4
281428	15
281453	6
281457	4
281458	3
281503	12
281508	6
281516	6
281519	4
281534	4
281553	5
281571	4
281576	5
281578	6
281596	9
281608	15
281616	8
281621	5
281627	18
281641	11
281658	4
281709	6
281745	12
281747	7
281748	17
281764	6
281806	9
281843	4
281846	12
281862	4
281867	3
281877	12
281895	3
281908	33
281925	21
282019	3
282020	4
282043	6
282069	3
282085	7
282086	16
282119	6
282123	9
282130	7
282165	3
282172	10
282173	7
282176	6
282210	6
282237	4
282260	8
282298	12
282306	5
282324	3
282349	7
282357	5
282360	4
282364	10
282373	13
282374	10
282375	9
282380	5
282388	8
282390	4
282391	7
282408	7
282415	22
282422	27
282439	5
282442	13
282443	6
282465	13
282486	10
282490	4
282505	3
282532	3
282535	8
282576	16
282590	7
282621	7
282623	6
282638	14
282650	5
282651	13
282652	17
282654	4
282680	9
282697	3
282730	3
282737	6
282742	6
282760	4
282772	17
282783	5
282788	3
282806	8
282812	8
282825	121
282839	5
282857	5
282858	18
282873	23
282878	6
282881	3
282888	6
282902	6
282904	14
282922	3
282923	5
283010	8
283011	4
283027	20
283037	9
283055	4
283065	3
283069	3
283078	8
283160	8
283168	5
283182	3
283198	3
283208	4
283259	3
283283	13
283286	17
283328	8
283334	4
283368	7
283388	3
283397	15
283398	11
283403	7
283434	6
283443	12
283461	70
283468	4
283488	3
283558	4
283561	5
283581	13
283599	12
283633	5
283648	6
283675	4
283704	4
283742	16
283762	12
283771	3
283792	5
283811	6
283823	4
283827	4
283862	5
283949	6
283999	3
284013	7
284065	4
284087	3
284127	8
284144	4
284160	18
284161	4
284214	5
284215	3
284259	6
284302	5
284326	17
284371	11
284374	5
284408	5
284445	6
284477	3
284487	4
284488	11
284519	8
284524	6
284620	5
284623	9
284693	7
284711	10
284728	4
284738	3
284747	3
284785	6
284831	4
284832	11
284837	3
284839	5
284855	17
284874	7
284904	10
284906	6
284975	13
285006	3
285014	5
285071	3
285076	9
285080	4
285097	10
285122	6
285141	6
285150	5
285226	12
285230	10
285286	5
285298	4
285347	5
285366	8
285428	10
285452	5
285506	8
285534	4
285542	5
285544	3
285579	11
285610	6
285630	24
285646	10
285662	5
285674	5
285726	14
285753	4
285789	3
285803	4
285806	4
285823	3
285824	3
285865	36
285876	3
285891	3
285895	5
285901	3
285910	3
285911	3
285934	7
285935	6
285960	6
285963	7
286087	28
286115	4
286129	3
286170	6
286171	7
286182	26
286283	3
286292	3
286298	3
286342	4
286367	3
286446	6
286458	4
286539	6
286547	15
286560	4
286589	19
286617	3
286618	4
286659	4
286711	3
286764	7
286799	7
286853	7
286886	5
286915	5
286967	5
286970	3
287023	3
287046	3
287064	9
287081	16
287082	9
287117	6
287144	3
287153	5
287176	9
287189	3
287261	4
287328	9
287347	3
287356	5
287402	5
287415	7
287416	3
287434	4
287504	8
287523	5
287524	8
287533	3
287534	4
287637	4
287669	3
287675	3
287697	7
287710	3
287724	11
287728	10
287737	3
287751	6
287805	4
287819	7
287942	6
287965	3
288005	20
288011	4
288034	4
288105	7
288152	4
288187	15
288224	3
288255	7
288267	3
288278	5
288309	6
288427	3
288462	9
288469	4
288620	4
288641	3
288648	4
288745	6
288755	3
288758	14
288762	10
288788	5
288818	3
288900	6
288905	4
288920	4
288938	8
288948	7
288949	6
288987	3
289009	3
289044	5
289202	4
289270	11
289328	9
289338	5
289349	4
289370	93
289419	35
289421	7
289423	3
289474	6
289476	17
289497	9
289531	6
289603	4
289630	3
289636	7
289639	3
289823	9
289879	5
289886	4
289979	5
290097	7
290138	17
290142	5
290143	3
290192	4
290202	3
290227	5
290239	3
290246	6
290290	26
290307	3
290311	8
290447	3
290452	3
290473	5
290480	5
290493	4
290495	7
290571	5
290652	5
290681	8
290706	5
290809	11
290813	4
290816	5
290822	16
290834	9
290855	5
290892	6
290897	19
290919	12
290956	4
290958	14
290961	3
291019	5
291028	8
291087	4
291097	7
291109	3
291119	5
291148	10
291166	7
291226	13
291267	4
291319	9
291358	3
291367	13
291375	3
291378	3
291385	8
291386	5
291471	3
291472	4
291546	50
291551	4
291562	4
291664	3
291685	4
291696	7
291703	19
291721	16
291749	3
291765	3
291794	4
291829	3
291835	3
291844	6
291846	4
291859	5
291872	3
291879	3
291888	3
291914	9
291916	7
291924	5
291947	12
291953	6
291954	5
291959	14
292009	7
292022	3
292049	4
292078	4
292121	31
292213	7
292226	4
292311	10
292312	4
292315	13
292343	4
292368	3
292387	7
292389	18
292403	8
292414	14
292417	5
292434	9
292469	6
292484	3
292500	5
292522	20
292537	8
292545	7
292573	3
292636	3
292653	8
292708	18
292815	5
293131	3
293141	14
293154	6
293174	5
293183	4
293188	5
293203	7
293219	8
293260	6
293289	6
293297	4
293321	10
293324	4
293330	4
293336	4
293337	6
293350	3
293360	5
293388	3
293400	25
293403	7
293417	6
293509	8
293546	3
293548	6
293566	7
293579	14
293591	5
293624	4
293677	39
293689	5
293696	9
293698	9
293717	6
293718	76
293720	3
293721	5
293742	4
293761	5
293770	4
293783	19
293784	7
293785	10
293835	8
293853	5
293864	3
293905	18
293913	17
293926	6
293951	16
293969	5
293975	3
293995	12
294005	4
294024	6
294039	4
294063	9
294092	4
294134	3
294138	5
294140	3
294145	5
294151	17
294153	4
294156	39
294162	7
294164	4
294170	3
294177	14
294187	4
294200	7
294229	6
294266	21
294267	4
294283	5
294294	6
294329	4
294403	10
294416	6
294424	4
294442	5
294445	11
294491	11
294505	6
294528	10
294563	7
294583	7
294591	13
294599	4
294605	3
294617	22
294619	8
294632	9
294638	4
294647	27
294649	7
294674	3
294679	6
294680	6
294682	4
294684	10
294685	3
294686	11
294721	9
294731	9
294734	10
294739	4
294749	4
294797	11
294853	3
294869	22
294915	4
294939	5
294967	6
294984	8
294999	9
295013	110
295025	6
295038	4
295057	3
295069	7
295092	8
295093	4
295101	27
295107	8
295112	12
295132	7
295207	6
295239	18
295264	3
295282	9
295400	12
295404	4
295428	8
295487	3
295542	7
295565	4
295568	6
295571	5
295617	7
295632	8
295635	4
295677	6
295727	8
295771	6
295816	17
295851	10
295870	3
295889	13
295921	6
295923	36
295947	8
295958	8
295960	7
295975	5
295994	3
295995	23
296029	7
296031	6
296106	3
296116	9
296134	4
296135	3
296146	5
296154	7
296224	21
296240	4
296262	5
296275	8
296315	5
296332	10
296366	4
296412	4
296481	3
296488	3
296521	8
296581	5
296582	5
296654	5
296659	4
296732	11
296736	5
296740	4
296741	5
296754	8
296792	9
296835	8
296840	3
296843	6
296907	10
296938	4
296950	9
296977	9
296995	14
296996	6
297016	7
297024	8
297039	7
297047	9
297058	19
297087	6
297096	3
297139	7
297142	11
297188	6
297193	4
297194	4
297195	3
297239	4
297252	3
297331	7
297411	4
297413	3
297437	7
297451	15
297468	12
297474	10
297481	11
297520	3
297532	5
297575	5
297591	3
297634	7
297671	6
297902	3
297925	5
298357	8
298368	266
298544	9
298550	15
298559	5
298564	3
298826	6
298891	6
298897	12
298931	6
299081	6
299100	8
299311	5
299313	3
300086	4
300158	5
300176	3
300183	9
300193	3
300213	8
300249	4
300251	10
300265	10
300290	4
300294	4
300309	3
300400	15
300414	3
300456	4
300457	3
300460	5
300492	11
300500	21
300522	7
300532	6
300536	27
300543	9
300597	5
300601	4
300610	22
300647	6
300674	22
300682	3
300686	12
300689	7
300733	4
300740	4
300764	4
300805	4
300820	4
300827	19
300828	10
300854	8
300878	7
300895	3
300949	7
301031	3
301047	28
301147	5
301193	5
301213	4
301218	6
301241	3
301276	8
301281	5
301295	63
301309	10
301310	3
301315	5
301353	6
301368	3
301385	21
301388	10
301402	6
301409	4
301412	4
301415	12
301507	6
301526	49
301532	3
301540	3
301546	5
301555	3
301570	6
301572	10
301575	6
301589	4
301590	4
301622	26
301661	3
301670	3
301679	7
301691	3
301694	4
301706	3
301725	11
301745	8
301748	7
301796	4
301811	5
301835	8
301850	40
301898	9
301916	7
301934	7
301952	4
302032	6
302067	5
302081	4
302175	5
302186	4
302194	6
302196	3
302216	8
302246	4
302309	6
302347	3
302378	3
302410	5
302435	3
302441	6
302594	13
302613	4
302664	4
302670	18
302678	5
302789	3
302798	6
302801	3
302876	3
302881	8
302894	11
302908	10
302944	4
302946	4
303016	3
303029	4
303032	6
303047	9
303083	5
303093	4
303094	4
303100	4
303101	14
303157	11
303163	13
303176	6
303198	21
303268	10
303288	10
303296	6
303341	9
303342	4
303379	8
303504	4
303548	9
303552	8
303614	34
303621	5
303669	6
303715	104
303752	8
303765	8
303772	11
303801	41
303858	3
303888	15
303895	11
303899	14
303910	12
303915	13
303943	4
303953	5
303975	3
303993	3
304001	3
304004	16
304025	5
304078	5
304103	4
304115	5
304136	3
304161	7
304216	20
304222	3
304227	6
304229	17
304256	3
304264	9
304265	6
304269	14
304270	6
304275	6
304284	5
304289	7
304319	5
304345	17
304365	7
304367	3
304406	3
304448	41
304466	4
304477	3
304484	4
304564	4
304587	13
304592	4
304596	5
304642	6
304679	3
304681	3
304693	3
304784	11
304805	3
304877	3
305016	5
305069	5
305099	4
305113	5
305176	3
305179	3
305216	8
305250	5
305268	4
305295	4
305297	10
305338	267
305390	9
305473	3
305517	4
305667	4
305784	4
305790	5
305815	6
305828	3
305838	5
305844	11
305847	248
305858	11
305872	13
305903	33
305924	9
305927	6
305940	4
305948	3
305953	14
305954	8
305968	3
305977	5
305982	3
305986	4
305992	7
305994	7
306019	3
306060	5
306068	3
306093	4
306112	6
306131	5
306161	4
306217	9
306223	8
306290	3
306346	10
306347	3
306351	11
306399	3
306401	3
306405	14
306415	9
306425	5
306457	16
306463	4
306533	11
306535	5
306547	9
306591	5
306594	5
306613	7
306658	3
306669	3
306700	4
306719	4
306754	4
306756	6
306770	3
306777	8
306783	19
306788	4
306790	16
306802	4
306807	3
306826	4
306900	3
306915	4
306931	3
306944	11
306961	3
306976	8
307050	3
307059	4
307087	14
307115	3
307133	9
307134	5
307185	3
307254	4
307264	10
307270	5
307274	13
307296	4
307301	34
307310	4
307438	3
307456	3
307503	3
307573	7
307602	9
307611	6
307624	3
307680	9
307707	5
307717	4
307747	3
307768	4
307787	7
307798	4
307812	10
307849	5
307856	5
307884	3
307890	9
307891	16
307912	8
307921	9
307940	8
308022	5
308062	4
308071	4
308082	5
308120	5
308184	3
308276	6
308304	4
308356	8
308393	4
308423	7
308470	3
308563	11
308606	3
308607	9
308608	20
308697	9
308699	6
308712	6
308737	20
308776	6
309001	8
309085	5
309173	18
309284	24
309290	7
309297	5
309308	16
309320	10
309438	10
309454	9
309468	4
309473	7
309509	3
309577	5
309602	4
309740	5
309786	3
309943	4
309966	27
310023	5
310094	4
310106	3
310180	3
310185	5
310189	5
310217	11
310283	3
310356	6
310425	4
310428	7
310434	3
310436	4
310440	6
310444	9
310464	5
310469	3
310527	4
310578	5
310605	12
310616	3
310621	7
310645	3
310659	5
310670	3
310672	4
310699	4
310753	10
310777	6
310808	10
310825	4
310862	7
310870	7
310896	5
310915	8
311072	5
311083	11
311091	5
311094	20
311099	6
311103	16
311127	4
311158	8
311159	12
311162	15
311163	14
311245	8
311253	17
311254	10
311260	8
311329	4
311335	5
311336	10
311337	4
311340	3
311344	6
311351	16
311368	10
311386	7
311388	6
311411	4
311416	3
311418	4
311420	4
311437	5
311504	8
311521	28
311533	4
311565	4
311584	6
311622	11
311623	23
311682	6
311701	4
311707	3
311721	17
311734	3
311742	12
311782	8
311806	5
311810	5
311831	4
311868	14
311872	7
311890	9
311891	16
311917	7
311924	10
311938	7
311946	5
311948	10
311950	6
311959	5
311974	8
311978	8
311980	5
311988	6
312009	4
312015	4
312069	3
312073	4
312095	8
312098	5
312121	7
312132	7
312152	9
312219	9
312258	5
312320	9
312325	4
312331	5
312345	14
312347	4
312356	7
312361	6
312364	4
312390	10
312401	17
312408	8
312428	6
312439	3
312458	16
312493	12
312494	8
312546	5
312552	5
312557	3
312610	4
312624	5
312678	3
312681	14
312686	14
312706	9
312711	12
312713	6
312719	11
312729	3
312730	6
312741	11
312768	6
312784	5
312802	7
312813	7
312826	4
312844	6
312871	4
312874	6
312910	8
312911	5
312931	18
312953	9
312959	4
312968	9
312971	6
312986	3
313013	4
313014	5
313032	37
313063	4
313068	13
313141	5
313157	7
313223	3
313228	3
313258	3
313274	6
313345	5
313355	3
313382	4
313396	3
313404	4
313408	4
313429	9
313436	3
313446	14
313484	6
313486	8
313497	3
313498	7
313508	7
313532	4
313545	3
313574	6
313606	19
313613	5
313697	6
313724	14
313750	5
313759	8
313785	8
313789	3
313805	7
313807	6
313815	5
313817	5
313824	3
313828	8
313845	8
313846	5
313866	6
313925	7
313933	10
313951	5
313977	4
313988	3
313994	7
314000	10
314003	4
314063	3
314130	9
314151	5
314182	4
314205	3
314207	3
314229	3
314243	4
314249	7
314277	5
314311	6
314371	4
314389	11
314421	17
314440	10
314501	8
314506	3
314526	5
314549	7
314569	8
314579	3
314612	3
314646	11
314679	15
314712	3
314732	8
314745	12
314793	4
314809	4
314844	3
314863	6
314940	4
314943	4
314946	5
314950	8
314952	7
314972	8
314981	18
314989	16
315033	6
315041	13
315109	6
315123	7
315130	4
315145	6
315154	5
315155	6
315156	67
315160	8
315168	9
315172	7
315231	5
315252	3
315277	5
315286	20
315303	9
315346	8
315347	3
315356	3
315372	8
315382	7
315413	5
315417	17
315454	7
315471	6
315476	5
315501	5
315541	6
315543	3
315581	6
315608	7
315620	3
315629	12
315655	5
315663	12
315679	3
315682	4
315731	3
315749	8
315837	15
315848	21
315867	8
316030	7
316055	10
316071	5
316085	3
316520	6
316523	5
316532	10
316600	4
316629	5
316639	5
316643	4
316673	7
316679	4
316688	5
316692	3
316719	6
316724	18
316740	5
316783	5
316795	10
316800	5
316807	3
316811	4
316842	5
316847	9
316856	9
316877	6
316893	4
316894	10
316906	5
316907	7
316908	3
316909	4
317039	16
317141	3
317244	4
317246	6
317339	3
317419	5
317453	5
317483	7
317514	3
317605	4
317641	4
317685	3
317722	3
317738	3
317740	5
317760	7
317821	4
317842	7
317870	12
317919	9
317999	6
318041	6
318043	4
318053	10
318055	17
318056	5
318066	6
318117	3
318125	6
318189	12
318195	5
318215	10
318251	3
318257	17
318263	3
318280	8
318297	4
318300	11
318338	5
318351	18
318400	7
318418	6
318424	7
318430	8
318471	8
318513	4
318553	6
318554	5
318631	3
318664	14
318697	32
318736	4
318787	18
318824	4
318845	5
318865	4
318892	3
318944	7
318955	7
318961	5
318979	4
318980	7
319002	4
319003	3
319008	7
319019	5
319037	4
319090	12
319092	6
319103	9
319107	27
319137	11
319184	4
319185	4
319206	4
319260	14
319261	5
319264	4
319268	7
319275	19
319316	10
319351	7
319361	4
319363	3
319408	13
319420	7
319431	7
319438	11
319472	9
319501	11
319502	5
319524	4
319569	4
319582	11
319598	8
319618	3
319635	3
319641	3
319668	8
319673	4
319689	12
319707	4
319734	3
319804	4
319809	3
319825	4
319832	8
319833	16
319835	8
319841	9
319896	10
319915	12
319974	4
319988	7
320000	3
320008	3
320032	6
320045	3
320051	102
320072	4
320075	5
320076	3
320081	5
320092	21
320133	4
320135	10
320205	4
320213	7
320226	4
320228	4
320233	6
320236	3
320243	6
320258	7
320277	8
320285	5
320295	6
320311	7
320323	6
320344	3
320366	25
320414	14
320424	3
320432	3
320441	6
320453	15
320465	18
320473	6
320481	3
320507	20
320527	5
320562	37
320582	6
320585	9
320588	4
320627	4
320682	15
320686	8
320718	3
320753	13
320838	5
320843	4
320899	7
320903	3
320916	3
320927	6
320928	6
320935	7
320940	9
320962	3
320999	9
321016	6
321035	3
321060	4
321079	4
321084	6
321114	7
321131	3
321178	28
321179	3
321180	18
321200	8
321204	4
321229	4
321236	4
321250	9
321354	8
321360	4
321361	4
321364	6
321368	3
321372	4
321385	6
321433	5
321441	3
321463	3
321552	6
321556	4
321613	5
321627	5
321628	3
321639	4
321645	6
321696	5
321726	14
321738	26
321759	10
321763	10
321765	11
321784	13
321829	4
321843	4
321844	4
321850	10
321865	4
321870	3
321903	7
321905	5
321909	12
321913	6
321919	52
321927	22
321985	6
322014	5
322021	3
322049	4
322053	3
322101	11
322106	7
322139	4
322213	6
322214	5
322221	7
322224	27
322284	7
322311	7
322431	3
322454	8
322465	9
322466	4
322489	5
322492	11
322494	3
322500	9
322506	4
322551	13
322624	7
322626	3
322651	6
322657	14
322714	8
322814	4
322900	3
322947	3
323050	10
323057	4
323082	10
323095	9
323104	9
323124	5
323135	3
323141	8
323180	7
323224	5
323269	5
323278	3
323316	9
323326	6
323355	11
323363	3
323379	3
323410	7
323415	7
323463	3
323471	12
323479	5
323500	15
323522	12
323607	3
323617	3
323635	8
323657	4
323660	4
323685	7
323690	5
323691	4
323699	5
323727	12
323731	5
323744	6
323749	4
323861	26
323865	3
323896	11
323897	4
323899	9
323914	9
323933	7
323940	5
323998	6
324026	7
324038	8
324089	3
324171	15
324175	7
324190	4
324195	12
324205	52
324211	6
324247	4
324278	9
324280	7
324282	9
324283	90
324289	6
324368	5
324416	4
324436	42
324479	5
324480	8
324486	6
324491	6
324495	8
324581	8
324595	5
324605	8
324611	3
324627	3
324642	4
324650	5
324669	7
324675	4
324695	3
324724	5
324735	11
324761	3
324779	4
324788	8
324813	5
324827	10
324860	8
324864	5
324877	4
324899	16
325001	4
325008	8
325110	4
325111	8
325145	4
325171	4
325214	3
325218	6
325230	8
325245	153
325260	3
325285	6
325300	4
325339	5
325348	14
325359	3
325381	4
325385	6
325463	8
325508	5
325511	7
325513	24
325516	14
325520	3
325536	7
325602	4
325604	9
325619	4
325648	4
325673	3
325676	9
325682	14
325693	5
325695	14
325702	6
325703	4
325746	16
325748	4
325853	8
325888	3
325896	7
325897	3
325907	5
325913	4
325915	4
325916	6
325958	12
326003	4
326052	4
326069	3
326083	4
326130	5
326141	4
326166	8
326188	5
326236	6
326241	5
326249	4
326256	5
326257	4
326288	4
326294	6
326307	8
326333	3
326347	10
326367	5
326417	10
326424	3
326484	10
326527	13
326535	3
326566	3
326599	3
326659	5
326748	3
326753	6
326765	13
326813	5
326848	13
326855	7
326861	8
326876	3
326882	5
326922	9
326924	3
326957	6
326962	7
326964	4
327053	4
327059	6
327075	5
327099	8
327115	6
327137	5
327150	3
327154	3
327164	3
327177	18
327181	3
327190	6
327195	8
327218	3
327226	3
327248	4
327286	6
327301	7
327322	13
327331	5
327338	7
327359	12
327414	5
327435	3
327450	7
327466	6
327475	10
327521	3
327543	6
327562	5
327709	3
327731	3
327737	5
327741	11
327745	12
327750	33
327760	3
327780	6
327791	11
327795	46
327820	5
327833	17
327864	3
327886	8
327888	6
327893	7
327898	6
327911	5
327920	10
327927	29
327935	11
327937	16
327938	5
327941	4
327979	6
328006	5
328008	3
328018	4
328074	5
328115	3
328124	40
328131	4
328140	10
328142	15
328156	9
328189	3
328200	3
328325	9
328347	10
328442	12
328578	3
328603	7
328607	28
328625	5
328628	5
328658	3
328785	6
328797	28
328830	10
328865	13
328872	3
328893	10
328934	6
328952	5
328954	3
328981	10
328985	7
329033	7
329094	7
329142	19
329154	5
329155	5
329180	4
329191	5
329271	4
329296	4
329299	3
329343	6
329346	18
329369	3
329428	6
329446	7
329452	4
329466	4
329488	6
329502	4
329523	6
329533	3
329595	5
329608	3
329616	3
329657	5
329675	8
329687	3
329707	6
329718	3
329735	8
329739	7
329757	4
329812	8
329818	6
329829	16
329833	4
329889	5
329894	5
329914	11
329915	3
330001	3
330019	5
330020	12
330040	5
330052	5
330065	11
330167	7
330224	5
330233	5
330272	4
330301	10
330308	6
330337	3
330443	7
330464	5
330465	11
330507	4
330543	4
330579	6
330615	5
330652	3
330667	5
330680	3
330692	5
330697	19
330747	9
330775	3
330796	4
330827	6
330836	5
330907	3
330908	10
330946	3
330979	4
330992	3
330995	6
331010	9
331014	5
331028	6
331093	4
331107	3
331118	7
331226	3
331237	10
331248	30
331256	6
331295	9
331312	5
331332	7
331369	10
331396	17
331427	7
331510	4
331512	4
331513	19
331520	4
331577	4
331582	4
331627	4
331653	5
331672	5
331677	3
331683	9
331721	3
331807	4
331827	12
331846	3
331851	15
331853	37
331856	11
331865	4
331905	3
331908	5
331919	6
331975	13
331990	3
331994	7
331996	10
332019	4
332095	5
332107	4
332109	6
332111	4
332155	9
332187	4
332197	19
332230	5
332245	3
332253	5
332302	4
332448	5
332451	3
332463	3
332468	6
332498	13
332570	10
332574	8
332628	5
332653	7
332722	5
332755	3
332762	10
332794	22
332809	3
332829	4
332838	3
332853	3
332857	11
332884	19
332885	5
332915	4
332934	8
332997	3
333030	11
333049	5
333058	4
333077	3
333078	10
333124	3
333144	13
333162	3
333168	16
333178	22
333186	5
333261	5
333276	12
333287	23
333292	6
333295	8
333312	5
333316	3
333333	7
333389	13
333395	6
333423	11
333635	5
333642	10
333730	4
333798	3
333799	14
333820	10
333827	9
333829	8
333874	3
333876	4
333957	3
333984	7
334029	5
334030	5
334032	4
334053	9
334112	5
334118	9
334123	4
334184	13
334185	3
334215	28
334218	4
334221	7
334243	6
334290	6
334292	5
334305	6
334334	4
334343	5
334371	3
334400	8
334410	8
334465	3
334491	6
334526	3
334569	21
334570	4
334599	4
334622	3
334706	9
334709	3
334712	8
334760	7
334761	7
334762	7
334785	3
334861	5
334969	6
334970	3
334977	4
334985	4
335017	4
335025	14
335036	3
335099	5
335116	7
335150	5
335377	35
335390	9
335397	8
335409	9
335433	12
335436	3
335491	4
335517	15
335525	8
335529	21
335593	5
335610	3
335623	4
335649	8
335664	13
335759	10
335778	7
335813	4
335838	8
335879	14
335892	3
335897	8
335898	22
335908	6
335924	9
335962	3
335978	6
336013	3
336037	12
336087	13
336157	6
336162	3
336168	8
336174	8
336217	42
336297	8
336320	11
336333	4
336336	5
336344	23
336348	5
336385	4
336390	3
336392	11
336418	3
336432	14
336476	5
336479	12
336492	6
336522	7
336566	4
336592	5
336627	8
336635	5
336704	4
336720	20
336739	13
336760	4
336762	4
336789	31
336798	16
336834	5
336856	6
336857	8
336879	9
336884	3
336894	4
336937	10
336940	8
336990	5
337020	6
337029	4
337046	4
337094	3
337104	3
337113	3
337158	8
337161	3
337162	4
337206	5
337209	30
337221	3
337281	4
337318	3
337336	6
337350	5
337353	7
337360	3
337365	5
337396	3
337404	3
337480	8
337499	5
337507	6
337510	16
337538	10
337547	6
337560	12
337596	10
337611	5
337661	5
337683	4
337726	5
337740	3
337822	3
337844	25
337877	3
337879	3
337911	9
337926	3
337934	3
337975	5
337995	4
338045	23
338047	3
338087	6
338185	3
338206	3
338221	8
338254	7
338345	3
338346	4
338349	5
338371	4
338383	4
338384	13
338400	6
338694	12
338734	5
338773	5
338776	15
338814	4
338887	42
338930	8
338959	4
339092	3
339102	4
339112	8
339145	4
339219	3
339231	4
339239	4
339299	5
339304	77
339360	6
339362	30
339389	6
339391	23
339414	8
339463	3
339482	4
339568	11
339582	6
339655	9
339665	12
339679	3
339699	37
339711	4
339730	4
339733	9
339748	6
339750	4
339790	3
339796	5
339814	4
339857	8
339878	4
339881	4
339933	8
339954	6
340181	6
340226	4
340339	17
340346	3
340396	4
340488	4
340512	18
340535	4
340558	8
340592	7
340595	10
340624	7
340642	4
340721	3
340790	5
340791	3
340795	3
340836	14
340845	5
340884	7
340919	3
340958	5
340971	7
341016	5
341026	4
341031	3
341076	3
341189	38
341195	19
341231	4
341233	5
341337	8
341338	6
341440	26
341448	5
341583	8
341591	4
341593	7
341596	3
341605	3
341615	115
341644	6
341698	5
341770	4
341781	3
341806	5
341814	8
341848	9
341930	8
341931	14
341947	3
341952	4
341958	6
341961	6
341966	7
341968	10
341975	8
341980	3
342002	4
342043	10
342048	9
342059	9
342060	4
342062	8
342073	3
342075	12
342105	6
342107	12
342118	7
342132	8
342134	5
342138	3
342159	3
342196	3
342219	5
342245	11
342287	17
342377	6
342383	7
342454	10
342470	28
342472	3
342499	16
342723	12
342731	7
342740	7
342771	3
342772	15
342805	3
342817	4
342835	7
342868	12
342871	3
342891	4
342906	5
342927	7
342960	7
342988	6
343035	7
343038	9
343056	4
343057	9
343060	10
343062	69
343157	7
343160	5
343175	14
343187	9
343203	4
343254	5
343261	11
343284	3
343312	5
343320	10
343333	4
343341	6
343348	79
343447	9
343459	6
343469	5
343475	8
343489	3
343507	4
343513	6
343538	5
343563	4
343579	11
343582	3
343585	3
343599	6
343612	20
343617	9
343619	6
343622	11
343631	6
343634	10
343650	3
343654	8
343664	4
343665	5
343671	4
343672	4
343673	3
343684	10
343685	10
343710	4
343752	12
343767	12
343782	8
343783	3
343788	8
344074	6
344082	20
344083	4
344130	6
344137	3
344146	4
344170	12
344213	19
344223	7
344233	5
344270	4
344289	3
344317	8
344378	4
344388	8
344398	5
344451	7
344462	3
344536	26
344544	5
344555	3
344580	4
344600	4
344635	3
344662	9
344712	11
344942	4
344948	11
344976	4
345049	4
345089	5
345097	5
345171	5
345194	3
345208	41
345218	3
345246	4
345339	7
345506	3
345511	3
345513	3
345546	4
345566	11
345593	3
345597	6
345620	3
345630	7
345673	4
345678	6
345685	5
345724	7
345732	9
345749	4
345760	8
345787	5
345805	15
345807	20
345885	27
345947	7
345948	13
345950	6
345982	21
346038	7
346041	5
346093	3
346235	3
346357	5
346365	3
346400	3
346426	5
346485	4
346489	9
346522	4
346529	4
346551	3
346566	9
346616	13
346679	12
346685	5
346727	9
346729	8
346793	3
346796	7
346834	6
346863	4
347029	6
347138	3
347245	3
347285	4
347314	4
347341	5
347342	7
347388	5
347411	24
347447	17
347473	4
347519	3
347546	4
347557	4
347641	14
347714	9
347720	3
347743	9
347788	4
347792	7
347794	5
347879	3
347880	10
347905	3
347922	3
347943	9
347946	6
348139	3
348181	8
348213	6
348251	4
348324	4
348352	13
348368	7
348372	10
348375	3
348391	5
348393	3
348401	3
348501	3
348506	17
348565	3
348578	7
348594	5
348623	6
348632	4
348669	5
348670	9
348703	4
348739	6
348821	9
348868	4
348914	5
348999	7
349023	10
349101	3
349121	5
349203	16
349220	3
349225	4
349286	6
349350	3
349406	3
349435	8
349486	4
349512	4
349519	4
349578	3
349621	6
349688	3
349750	3
349853	6
349876	5
349972	3
349978	6
350028	4
350061	8
350062	18
350075	13
350150	5
350190	3
350287	3
350334	4
350347	4
350421	3
350521	4
350548	3
350599	3
350606	3
350632	5
350646	11
350655	5
350658	17
350727	3
350734	3
350758	5
350838	4
350900	3
350911	4
350935	4
351088	6
351101	8
351131	3
351150	4
351172	5
351196	7
351205	3
351209	4
351225	3
351231	8
351287	6
351341	5
351353	3
351364	3
351388	9
351425	3
351436	5
351437	16
351447	4
351463	7
351591	4
351605	5
351623	4
351716	6
351723	3
351741	3
351742	3
351753	5
351756	14
351782	4
351792	8
351864	3
351876	6
351894	16
351973	6
352022	21
352029	4
352066	3
352074	6
352092	7
352099	11
352114	20
352137	3
352144	7
352183	20
352210	4
352211	31
352229	9
352237	5
352243	3
352245	5
352250	17
352317	3
352348	4
352358	3
352368	7
352375	16
352428	7
352438	4
352456	5
352458	5
352461	8
352464	7
352485	12
352491	3
352509	13
352529	9
352566	7
352569	6
352653	8
352705	5
352708	4
352746	3
352759	14
352778	12
352787	11
352801	5
352844	7
352861	3
352868	4
352873	10
352916	7
352931	9
352970	3
352999	4
353006	4
353031	3
353102	5
353153	4
353184	3
353195	5
353206	12
353212	5
353216	14
353336	5
353355	7
353384	4
353409	3
353434	7
353605	6
353639	3
353679	4
353680	7
353723	4
353786	5
353821	5
353823	5
353827	3
354020	4
354022	3
354042	8
354049	6
354072	3
354106	14
354177	4
354299	5
354338	13
354379	15
354385	3
354472	136
354506	3
354516	3
354544	3
354555	3
354571	4
354585	7
354605	4
354627	28
354692	4
354695	3
354696	4
354713	9
354734	7
354739	7
354740	5
354807	4
354829	4
354838	4
354892	9
354896	30
354903	7
354916	8
354923	17
354936	4
354942	5
354987	3
354988	4
355003	3
355014	12
355025	4
355064	3
355091	7
355137	4
355150	5
355198	17
355229	15
355241	4
355264	16
355266	3
355272	3
355319	5
355321	6
355349	3
355473	290
355548	5
355581	8
355584	4
355604	7
355612	10
355638	6
355662	12
355762	4
355763	4
355774	13
355802	9
355817	5
355820	20
355828	4
355860	9
355866	11
355869	7
355905	4
355922	22
355931	5
355951	6
355968	8
355983	26
355984	9
355993	3
355999	5
356000	5
356001	5
356003	5
356161	3
356167	3
356223	5
356237	3
356241	3
356250	8
356255	16
356326	12
356368	7
356390	10
356428	6
356432	6
356436	12
356443	8
356454	3
356511	3
356533	5
356546	7
356589	5
356630	7
356668	5
356675	5
356696	5
356706	22
356748	3
356771	6
356809	4
356814	3
356834	5
356836	4
356860	3
356876	6
356910	3
356917	11
356921	4
356922	3
356928	38
356950	7
356959	5
356983	6
357000	4
357011	7
357013	4
357015	3
357036	3
357113	3
357126	5
357130	5
357184	5
357206	16
357215	6
357228	7
357282	6
357308	15
357315	4
357347	3
357377	5
357523	4
357547	7
357549	30
357558	11
357560	8
357654	5
357689	7
357732	4
357809	8
357865	11
357974	6
358032	6
358207	12
358229	4
358277	4
358314	9
358326	3
358389	3
358394	4
358462	7
358474	7
358559	9
358573	9
358586	3
358598	3
358604	10
358610	5
358648	3
358700	3
358751	3
358754	6
358875	5
358929	4
358947	29
358964	3
358965	3
358968	4
358989	3
359000	6
359076	13
359077	24
359079	9
359087	15
359089	10
359092	6
359198	10
359219	5
359220	4
359273	3
359294	5
359327	6
359353	20
359387	5
359510	7
359511	4
359516	7
359535	6
359536	6
359540	4
359569	5
359575	4
359581	5
359593	3
359658	4
359660	5
359664	5
359676	15
359701	4
359707	4
359746	4
359777	5
359836	3
359900	5
359908	3
359933	5
359946	4
359959	6
359968	8
359981	5
360003	6
360020	10
360026	7
360067	3
360170	4
360461	6
360506	11
360520	4
360530	3
360537	5
360659	6
360680	8
360745	3
360746	4
360791	3
360846	5
361046	3
361056	6
361101	10
361117	4
361192	6
361237	5
361286	25
361295	5
361567	5
361585	3
361648	8
361779	3
361872	4
362180	4
362194	5
362420	5
362526	4
362561	8
362684	7
362777	8
362796	7
362811	3
362863	3
362901	4
362967	3
362971	15
363016	7
363018	8
363043	3
363088	12
363118	8
363131	9
363154	3
363161	4
363183	3
363185	4
363200	8
363205	4
363222	7
363264	3
363331	3
363339	3
363351	10
363398	3
363422	13
363430	5
363449	3
363455	4
363471	6
363476	5
363513	5
363522	3
363528	3
363532	5
363540	13
363553	11
363606	5
363632	16
363666	6
363669	5
363692	6
363722	5
363755	7
363756	5
363763	8
363764	8
363797	3
363808	7
363827	3
363839	11
363845	6
363850	6
363862	6
363893	10
363944	11
363954	8
363970	3
363975	4
363977	4
363983	8
363993	5
363995	5
364097	5
364115	3
364269	3
364301	5
364346	5
364352	6
364444	4
364472	3
364501	3
364551	4
364602	10
364615	4
364640	6
364719	11
364768	4
364777	6
364778	7
364780	10
364788	3
364853	5
364886	5
364902	4
364922	4
364926	5
364927	6
364929	5
364930	6
364937	3
364938	21
364940	3
364942	8
364952	7
364962	3
364987	3
365035	4
365036	3
365041	5
365068	8
365091	11
365114	10
365147	3
365159	7
365199	7
365247	4
365268	12
365335	4
365436	8
365441	3
365444	3
365447	14
365473	34
365508	4
365562	3
365669	13
365742	3
365743	4
365783	6
365785	3
365852	3
366005	8
366055	3
366056	4
366059	4
366198	5
366228	3
366296	3
366311	9
366353	7
366387	5
366402	3
366423	4
366509	9
366536	3
366537	5
366569	9
366570	20
366589	5
366606	5
366615	5
366641	12
366652	3
366701	7
366754	3
366789	7
366838	5
366952	8
366980	4
367125	4
367215	4
367257	9
367289	3
367291	8
367347	8
367377	10
367428	10
367446	8
367513	3
367517	4
367561	8
367567	3
367574	4
367587	6
367597	3
367604	4
367659	3
367712	10
367730	3
367733	6
367810	5
367834	5
367838	10
367880	4
367949	32
368003	8
368142	11
368147	3
368204	4
368230	3
368253	4
368487	4
368567	5
368580	11
368584	6
368587	5
368608	3
368622	4
368668	3
368676	6
368687	7
368692	4
368745	5
368838	3
368841	4
368896	7
368921	4
368924	3
368932	9
368942	4
368947	7
368975	6
368979	5
369023	4
369094	3
369098	7
369099	5
369100	9
369108	12
369119	3
369186	9
369272	4
369353	13
369421	5
369503	4
369522	4
369527	5
369585	4
369601	4
369614	11
369636	7
369657	4
369699	5
369730	4
369739	4
369743	4
369744	3
369755	3
369782	3
369798	3
369807	4
369881	8
369896	5
369926	3
369928	5
369948	4
369949	16
369954	8
369975	6
369980	6
369990	5
369992	4
369999	4
370055	7
370059	25
370068	7
370115	7
370116	6
370139	5
370155	8
370168	4
370214	3
370218	5
370240	4
370242	6
370281	8
370286	68
370290	4
370312	9
370318	4
370342	6
370344	4
370377	8
370415	3
370471	12
370493	4
370505	7
370511	4
370583	7
370590	5
370686	5
370692	17
370731	3
370807	4
370817	4
370852	8
370882	15
370918	10
370964	3
371018	14
371145	8
371155	5
371158	9
371167	4
371184	5
371185	5
371186	12
371197	3
371231	10
371250	7
371257	4
371368	4
371491	3
371495	4
371559	6
371577	4
371685	3
371738	8
371757	15
371848	5
371871	3
372035	4
372038	4
372155	3
372320	8
372349	5
372428	6
372482	5
372625	4
372646	3
372711	3
372725	3
372929	3
372967	6
372977	6
373004	5
373005	6
373085	5
373146	6
373286	5
373309	4
373315	4
373333	5
373428	5
373474	5
373515	6
373539	364
373601	3
373796	4
373835	174
373872	3
373892	4
373909	14
373994	6
374065	9
374208	7
374367	7
374391	4
374504	8
374638	15
374643	13
374645	3
374673	142
374709	3
374723	3
374748	13
374960	3
374971	8
375140	3
375144	3
375193	3
375269	5
375483	3
375500	10
375508	15
375512	4
375529	4
375547	4
375573	3
375629	6
375687	4
375707	5
375765	11
375771	6
375858	6
375880	21
375897	7
375916	18
375924	3
375954	3
375965	8
375975	6
376004	3
376022	4
376045	3
376098	5
376115	15
376122	4
376180	3
376213	3
376263	20
376277	3
376278	107
376287	8
376391	4
376453	5
376506	4
376562	6
376563	4
376660	10
376670	6
376681	9
376700	4
376713	16
376854	3
376865	3
376883	6
376899	9
376915	5
376917	5
376919	12
376955	4
376958	6
377038	4
377047	5
377078	3
377232	5
377330	5
377359	3
377373	6
377379	3
377394	13
377400	3
377483	4
377491	7
377495	19
377522	3
377545	10
377567	4
377593	4
377660	4
377699	6
377744	14
377793	4
377813	4
378074	9
378111	5
378131	6
378191	8
378210	4
378227	9
378266	3
378395	3
378396	6
378464	4
378503	5
378529	5
378549	5
378556	13
378576	9
378667	5
378733	4
378756	5
378793	3
378917	15
378952	8
378968	5
378980	6
379003	4
379045	6
379093	6
379099	3
379103	3
379104	6
379107	4
379109	8
379111	5
379112	6
379123	6
379157	4
379170	5
379175	8
379222	8
379235	5
379296	3
379297	4
379317	5
379320	3
379334	3
379336	3
379337	10
379340	8
379375	3
379380	3
379388	4
379401	8
379408	14
379414	7
379421	6
379450	12
379463	8
379482	3
379532	6
379545	11
379591	11
379595	5
379615	5
379640	6
379670	4
379708	5
379795	47
379817	6
379859	4
379922	94
379979	3
379993	3
380000	9
380046	4
380047	4
380107	4
380112	4
380191	5
380250	3
380319	3
380330	3
380365	8
380367	6
380378	6
380451	5
380542	5
380549	5
380627	4
380649	17
380697	5
380781	6
380921	3
380929	4
380938	4
380945	3
380966	12
380972	15
381011	6
381051	8
381052	4
381060	15
381068	5
381069	3
381120	20
381150	16
381159	5
381171	6
381189	3
381217	9
381250	6
381273	8
381292	6
381298	7
381300	24
381311	3
381372	4
381386	3
381426	4
381449	4
381519	7
381535	6
381554	5
381560	3
381580	3
381585	8
381612	5
381624	4
381638	4
381645	5
381651	6
381655	8
381663	3
381717	4
381738	7
381741	6
381757	4
381771	6
381772	3
381775	5
381793	4
381802	9
381823	5
381859	8
381910	4
381951	3
382040	4
382062	7
382080	5
382081	5
382102	4
382104	4
382201	5
382222	6
382240	4
382267	7
382273	6
382274	21
382284	7
382285	12
382288	21
382320	4
382334	4
382337	20
382351	5
382360	18
382364	6
382366	3
382371	6
382383	5
382399	7
382419	10
382435	15
382448	5
382473	5
382488	6
382497	3
382517	4
382678	3
382679	3
382688	26
382689	5
382712	3
382725	12
382730	3
382750	22
382756	3
382846	18
382860	5
382861	5
382906	4
382984	5
382987	5
383005	3
383061	5
383080	6
383083	4
383091	9
383154	4
383182	3
383192	5
383212	6
383221	9
383223	5
383281	7
383322	3
383324	5
383339	9
383349	11
383410	5
383423	4
383474	3
383483	5
383509	7
383549	20
383611	4
383637	3
383686	34
383704	5
383721	7
383726	10
383763	6
383806	6
383850	11
383899	5
383900	3
383915	6
383922	3
383966	18
383983	8
383992	13
384011	4
384097	3
384138	3
384152	7
384172	8
384203	4
384209	6
384212	7
384230	12
384248	3
384400	8
384428	6
384506	4
384541	7
384578	7
384600	7
384625	8
384637	6
384679	10
384699	4
384715	13
384721	9
384728	10
384807	7
384812	8
384834	8
384837	6
384856	8
384868	9
384873	15
384881	3
384901	3
384918	3
384969	6
384982	16
385046	4
385068	3
385205	3
385379	5
385396	3
385417	6
385427	3
385477	3
385576	7
385597	5
385663	3
385672	8
385700	3
385707	4
385804	3
385814	3
385832	4
385878	4
385891	7
385894	5
385896	4
385951	3
385956	3
385966	13
385990	3
386015	5
386041	4
386045	5
386049	8
386060	8
386121	8
386147	10
386214	5
386247	8
386340	3
386367	4
386386	4
386433	5
386434	6
386436	7
386503	13
386521	4
386541	5
386575	7
386614	6
386620	3
386627	6
386652	4
386665	4
386677	6
386786	5
386791	10
386796	3
386798	5
386801	5
386808	6
386826	4
386874	5
386878	6
386910	9
386968	7
386991	15
386992	6
387001	5
387039	4
387056	6
387090	6
387156	4
387166	13
387392	3
387409	14
387415	3
387433	6
387551	4
387608	10
387824	4
387899	3
387981	6
388014	3
388016	15
388117	4
388160	5
388167	6
388179	6
388189	6
388201	4
388221	3
388243	6
388245	70
388250	6
388254	4
388280	3
388282	4
388290	5
388294	5
388318	4
388320	15
388334	7
388379	6
388397	8
388398	9
388485	3
388539	9
388602	11
388648	8
388655	4
388689	4
388697	20
388710	3
388715	3
388730	7
388740	13
388753	10
388757	4
388779	4
388809	5
388824	20
388866	3
388873	5
389082	3
389162	7
389198	4
389219	9
389223	4
389262	11
389266	3
389277	3
389324	6
389340	7
389353	12
389357	3
389360	6
389382	5
389408	5
389410	5
389417	15
389453	37
389463	6
389526	3
389588	4
389601	3
389634	5
389656	7
389689	25
389690	4
389704	3
389740	7
389746	3
389766	3
389777	5
389823	6
389830	3
389905	10
389919	6
389926	10
389931	3
389965	6
389971	7
389995	4
390029	6
390033	11
390049	4
390078	9
390127	5
390186	5
390243	9
390248	3
390257	4
390264	8
390266	4
390274	3
390294	5
390310	6
390329	5
390345	10
390381	3
390419	4
390507	6
390523	5
390593	5
390629	3
390709	4
390732	14
390766	9
390955	3
391007	4
391011	3
391032	5
391048	52
391053	3
391060	4
391065	4
391066	4
391103	5
391119	3
391178	13
391188	9
391294	3
391346	9
391411	5
391492	5
391560	6
391575	4
391593	3
391627	6
391648	16
391661	10
391703	3
391757	4
391977	8
391979	8
391984	3
392028	14
392032	3
392042	5
392145	6
392147	3
392213	14
392288	3
392375	12
392385	9
392435	3
392665	4
392683	7
392692	4
392808	5
392826	7
392902	4
392904	17
392908	13
392972	22
393118	4
393149	3
393207	3
393265	3
393338	5
393402	6
393542	3
393573	7
393589	4
393600	6
393630	4
393689	63
393703	4
393746	8
393773	12
393857	3
393889	4
393998	3
394009	5
394012	4
394078	4
394089	3
394098	5
394117	6
394146	3
394179	7
394209	5
394259	4
394273	5
394342	13
394343	11
394361	3
394385	4
394451	3
394468	4
394534	6
394584	6
394598	7
394735	5
394832	8
394862	5
394866	3
394883	3
394955	6
394958	7
394959	9
394966	4
395064	4
395069	6
395070	4
395153	3
395161	4
395172	3
395217	3
395247	4
395287	4
395335	8
395339	5
395370	3
395432	4
395445	6
395590	3
395608	9
395611	3
395664	8
395671	9
395695	3
395742	5
395983	4
395991	3
395996	17
396049	10
396095	3
396152	8
396154	12
396179	5
396208	4
396210	8
396213	15
396291	9
396324	5
396337	3
396347	6
396381	7
396390	3
396410	11
396427	6
396503	3
396515	5
396578	4
396758	5
396763	290
396772	6
396921	5
397201	12
397366	10
397407	5
397419	9
397444	8
397448	7
397467	5
397544	4
397552	4
397608	7
397631	5
397667	10
397684	80
397776	5
397808	7
397885	5
397895	6
398084	6
398143	3
398241	3
398249	9
398259	3
398298	6
398338	4
398368	11
398383	3
398390	11
398460	4
398478	3
398481	3
398799	9
398883	5
398884	3
398976	3
398998	7
399003	3
399010	3
399088	6
399089	12
399113	5
399248	10
399309	10
399357	3
399387	4
399408	4
399455	4
399510	3
399567	3
399636	5
399671	13
399709	4
399711	4
399855	3
399899	10
399908	10
399925	4
399993	12
400049	5
400082	3
400085	4
400115	20
400150	3
400426	4
400534	8
400544	3
400659	3
400664	4
400757	3
400778	5
400788	7
400837	4
400888	4
400896	6
401155	7
401271	4
401321	7
401338	4
401445	6
401524	7
401544	6
401556	3
401571	4
401601	3
401674	11
401776	10
401843	4
401859	11
401878	3
401940	3
401943	5
402051	3
402206	4
402218	3
402263	7
402299	6
402325	8
402524	4
402539	4
402563	8
402688	20
402719	3
402758	3
402810	3
402955	4
402980	4
403025	3
403091	5
403126	4
403278	3
403358	4
403453	5
403465	7
403476	3
403489	4
403728	5
403735	3
403788	3
403789	5
403803	6
403902	4
403950	4
404007	3
404064	9
404162	6
404164	4
404172	5
404242	5
404264	8
404274	4
404306	8
404314	15
404336	6
404398	5
404412	6
404440	10
404511	3
404528	6
404673	9
404733	3
404737	5
404757	3
404808	3
404873	7
404976	12
405056	7
405077	5
405193	3
405256	3
405447	5
405459	4
405534	4
405535	16
405607	4
405737	6
405927	4
405950	4
405967	3
405992	5
406000	3
406023	4
406064	6
406211	5
406227	22
406255	3
406308	7
406407	6
406433	6
406595	4
406599	3
406602	3
406641	4
406673	3
406676	8
406709	3
406746	12
406810	5
406911	3
406960	6
406976	10
406983	12
407007	6
407037	4
407072	7
407074	5
407082	4
407157	6
407164	3
407220	8
407238	6
407253	5
407292	7
407304	7
407317	10
407323	3
407340	12
407527	8
407553	6
407578	5
407609	5
407618	3
407641	9
407704	4
407729	3
407773	8
407839	3
407841	308
407860	4
407871	4
407884	4
408042	27
408057	5
408079	4
408106	5
408245	6
408274	6
408285	4
408482	6
408652	8
408656	5
408745	4
408807	3
408893	4
408921	7
408923	4
409011	3
409105	3
409106	3
409285	4
409295	3
409296	12
409297	3
409317	6
409342	7
409351	8
409419	3
409425	3
409448	3
409554	54
409566	4
409661	12
409685	3
409773	3
409774	7
409778	6
409795	3
409829	14
409857	3
409892	8
409902	8
409940	6
409980	9
409989	4
410045	5
410053	10
410061	4
410067	6
410087	27
410115	3
410123	3
410149	9
410162	4
410186	7
410198	52
410202	4
410209	5
410221	7
410259	4
410282	4
410284	6
410300	3
410348	7
410350	13
410355	3
410460	3
410473	4
410488	4
410503	7
410527	10
410548	4
410589	4
410611	5
410624	7
410668	6
410702	4
410757	15
410772	3
410800	5
410826	13
410832	5
410876	7
410986	4
410994	4
411000	10
411002	5
411031	3
411055	5
411095	6
411113	3
411130	5
411136	3
411207	18
411208	7
411227	4
411302	4
411312	3
411315	5
411328	7
411357	3
411366	11
411381	13
411385	4
411458	38
411524	19
411529	6
411582	4
411632	17
411642	5
411663	10
411687	4
411700	9
411751	3
411786	4
411789	12
411826	5
411837	4
411923	7
411967	12
411971	7
412023	11
412049	7
412076	9
412128	32
412135	11
412245	6
412257	3
412268	19
412274	10
412285	5
412295	4
412333	5
412335	5
412355	5
412372	5
412375	4
412399	6
412455	4
412492	4
412496	9
412534	3
412541	8
412564	4
412571	9
412629	7
412674	4
412739	3
412779	9
412885	5
412913	5
412928	3
412934	24
412942	4
412960	4
413050	4
413061	4
413065	3
413080	4
413172	15
413210	9
413247	4
413260	4
413276	4
413312	5
413314	10
413325	9
413381	5
413397	8
413428	3
413454	4
413493	5
413564	55
413583	4
413659	4
413663	14
413708	6
414028	4
414034	3
414072	55
414080	4
414267	8
414493	5
414876	4
414984	4
415036	3
415115	10
415140	19
415172	5
415173	9
415182	3
415265	6
415311	3
415325	3
415328	14
415334	9
415396	6
415445	9
415446	4
415450	7
415458	16
415473	7
415512	14
415531	10
415573	5
415595	9
415613	3
415634	3
415708	5
415732	5
415736	5
415761	3
415787	5
415838	41
415841	6
415877	19
415894	7
415910	9
415926	8
415942	5
416039	8
416062	5
416063	12
416066	3
416070	4
416111	4
416141	3
416149	3
416159	5
416198	3
416254	5
416273	3
416333	5
416343	7
416373	7
416448	4
416485	8
416558	6
416587	6
416592	5
416593	6
416639	8
416663	8
416702	8
416707	8
416739	12
416742	3
416753	3
416776	4
416785	5
416819	4
416826	16
416912	4
416928	6
416941	14
416961	5
417032	5
417107	5
417176	8
417177	3
417240	3
417247	3
417273	4
417342	4
417371	9
417490	3
417491	3
417493	13
417508	6
417548	16
417629	4
417702	3
417868	4
418009	14
418021	3
418074	8
418094	3
418202	3
418232	3
418284	4
418291	7
418298	3
418489	3
418553	8
418944	6
419062	4
419290	8
419294	7
419479	3
419560	6
419584	8
419639	5
419669	4
419687	3
419817	8
419855	5
419898	3
419928	3
420137	4
420169	4
420182	4
420226	7
420325	4
420332	13
420418	5
420442	3
420448	7
420469	6
420523	8
420647	6
420707	11
420718	26
420721	9
420770	5
420781	5
420818	7
420829	3
420893	5
420894	26
420901	3
420920	3
420954	8
420962	15
420977	5
421028	3
421031	7
421036	4
421054	6
421089	3
421118	4
421132	7
421348	7
421402	3
421479	4
421498	4
421594	3
421644	3
421656	6
421669	4
421673	8
421682	4
421705	10
421757	6
421963	5
421974	4
422107	3
422231	6
422335	18
422447	3
422506	4
422595	4
422625	4
422628	11
422680	3
422681	3
422698	4
422721	13
422734	4
422739	6
422799	13
422813	6
422828	12
422854	6
422940	4
422997	4
423018	3
423072	4
423186	5
423203	3
423221	12
423465	5
423474	3
423501	4
423643	3
423652	4
423845	3
424031	3
424094	13
424098	4
424128	3
424280	15
424291	3
424307	5
424334	7
424368	8
424400	7
424506	5
424531	3
424544	3
424581	6
424596	10
424671	6
424704	3
424730	9
424759	4
424954	6
424976	5
425040	10
425050	3
425059	6
425122	5
425167	7
425298	5
425311	9
425319	3
425357	10
425410	18
425416	6
425427	6
425445	3
425650	4
425684	9
425732	3
425846	4
425855	3
425874	3
425900	20
425938	4
425941	3
425960	5
425970	4
425979	7
426103	42
426136	6
426144	4
426218	3
426262	14
426276	14
426297	6
426353	5
426360	13
426406	4
426509	3
426615	17
426617	10
426635	4
426649	8
426659	9
426667	3
426702	3
426765	3
426833	3
426856	3
426876	100
426902	4
426913	7
426959	9
427015	5
427105	12
427132	16
427169	5
427497	6
427948	6
428005	6
428048	3
428088	9
428105	8
428127	3
428134	3
428179	4
428196	10
428210	3
428257	4
428261	4
428262	5
428264	3
428271	8
428286	10
428288	3
428349	5
428371	3
428425	10
428431	8
428434	7
428545	3
428581	4
428594	9
428644	8
428654	4
428656	6
428706	5
428752	10
428777	4
428792	8
428812	4
428857	5
428861	4
428863	5
428872	5
428875	5
428897	22
428965	6
428967	4
429010	5
429079	4
429082	3
429294	6
429377	13
429476	6
429543	4
429572	3
429574	5
429629	7
429705	5
429722	17
429765	5
429795	11
429799	10
429808	4
429822	4
429849	4
429855	5
429861	8
429919	3
429961	3
430022	11
430066	12
430086	7
430089	5
430109	7
430118	3
430121	7
430159	3
430211	7
430218	6
430244	4
430246	5
430271	6
430285	3
430320	3
430375	7
430470	6
430499	4
430549	55
430554	3
430595	12
430689	9
430736	8
430768	4
430785	3
430820	5
430852	56
430868	16
430871	5
430880	5
430914	20
430927	5
430964	8
430973	5
431008	3
431021	8
431022	5
431038	4
431059	3
431085	6
431126	3
431132	7
431144	5
431150	6
431158	3
431160	6
431203	12
431218	20
431228	7
431230	6
431252	24
431287	11
431295	5
431321	6
431345	11
431362	12
431401	5
431409	6
431420	5
431438	4
431483	55
431527	19
431537	5
431548	9
431557	10
431560	3
431568	3
431578	18
431581	36
431619	11
431666	3
431669	3
431697	5
431767	6
431791	4
431815	3
431820	17
431852	3
431857	5
431875	3
431915	14
432025	5
432137	5
432170	3
432216	15
432313	5
432315	3
432318	9
432358	7
432536	7
432575	10
432601	10
432602	4
432780	4
432832	4
432900	11
432954	5
432985	11
433012	4
433120	7
433157	5
433163	5
433173	4
433184	5
433309	5
433392	4
433396	4
433456	17
433479	13
433512	3
433523	3
433543	6
433567	7
433568	8
433630	5
433717	4
433748	6
433826	7
433854	3
433912	4
433913	6
433915	10
433983	3
434071	4
434088	6
434143	14
434163	3
434244	18
434329	4
434333	3
434351	4
434411	11
434439	20
434460	17
434473	8
434500	5
434508	3
434518	12
434534	5
434550	8
434554	4
434676	6
434696	3
434703	6
434705	3
434725	4
434751	3
434756	4
434766	6
434771	4
434772	10
434809	4
434830	3
434837	7
434849	4
434855	3
434856	11
434873	3
434892	6
434893	3
434897	3
434937	11
434951	20
434953	3
434973	3
435016	22
435038	3
435040	4
435091	10
435103	3
435193	3
435210	5
435226	4
435227	92
435239	8
435243	9
435311	3
435315	3
435316	8
435321	9
435329	5
435337	5
435382	6
435390	3
435504	3
435609	6
435633	3
435641	5
435650	3
435687	6
435732	3
435787	8
435864	4
435866	9
435888	4
435932	4
435941	3
436007	15
436013	6
436023	4
436029	3
436034	5
436038	6
436046	8
436048	3
436050	7
436071	8
436137	4
436146	4
436162	7
436163	3
436244	4
436305	5
436327	4
436339	3
436393	5
436429	3
436447	3
436507	13
436525	9
436532	3
436558	12
436563	4
436595	12
436601	8
436632	6
436654	6
436708	6
436729	14
436737	12
436761	3
436766	6
436781	3
436782	15
436849	6
436868	7
436951	13
436958	18
436978	8
437000	3
437005	9
437039	5
437043	3
437151	8
437213	5
437311	11
437313	7
437317	5
437318	4
437378	8
437445	7
437511	8
437524	3
437526	4
437542	10
437559	4
437564	3
437565	5
437586	8
437620	3
437631	11
437632	11
437655	5
437678	5
437702	3
437730	4
437790	8
437801	6
437802	5
437803	12
437805	15
437834	3
437851	3
437884	3
437895	3
437921	6
437935	5
437941	7
437942	4
437984	8
437989	4
438014	4
438015	4
438066	7
438114	4
438138	12
438228	9
438277	9
438403	6
438452	4
438503	9
438508	4
438556	3
438579	4
438602	9
438659	5
438746	4
438773	6
438787	7
438839	6
438857	5
438864	7
438892	3
438916	4
438952	4
438957	10
438974	11
438985	4
438996	9
439068	10
439102	3
439109	5
439110	5
439116	4
439148	4
439181	5
439220	3
439232	7
439245	12
439347	5
439362	3
439366	3
439381	8
439523	6
439555	3
439612	5
439706	6
439742	6
439764	7
439769	5
439778	7
439780	9
439807	3
439835	40
439852	5
439877	7
439920	5
439937	3
439945	4
439950	3
439957	3
440006	6
440022	6
440034	3
440062	5
440114	7
440147	7
440181	5
440222	6
440244	5
440248	15
440261	4
440284	4
440294	5
440382	3
440394	5
440422	8
440506	5
440557	6
440561	6
440583	5
440608	4
440609	6
440657	3
440689	5
440705	7
440731	14
440774	10
440781	5
440797	4
440812	3
440827	6
440833	3
440859	3
440877	4
440898	10
440988	3
441003	3
441014	4
441025	5
441042	4
441085	3
441096	9
441098	12
441152	7
441158	4
441171	5
441203	4
441204	18
441239	4
441277	7
441326	6
441331	5
441415	10
441470	5
441500	6
441512	8
441527	6
441535	4
441544	3
441560	4
441586	3
441593	18
441616	7
441622	8
441624	3
441757	7
441758	3
441786	3
441792	8
441858	8
441879	5
441907	9
441910	6
441952	6
442007	3
442016	3
442038	7
442065	5
442095	5
442101	5
442123	8
442155	37
442185	3
442243	4
442304	5
442311	3
442315	5
442325	6
442337	3
442359	5
442379	8
442391	6
442405	4
442432	5
442441	10
442490	4
442503	4
442522	3
442528	4
442536	7
442559	6
442565	8
442574	4
442604	4
442643	9
442644	26
442647	7
442688	4
442715	5
442736	7
442759	5
442787	13
442827	4
442836	7
442991	4
443040	6
443050	10
443105	7
443108	9
443135	4
443140	5
443167	4
443172	3
443230	4
443231	3
443270	4
443300	3
443364	4
443423	6
443436	5
443457	4
443471	7
443478	6
443511	9
443523	8
443572	5
443573	3
443587	7
443617	8
443657	4
443695	5
443881	5
444101	7
444163	6
444233	4
444241	5
444267	3
444290	9
444291	4
444322	7
444351	4
444364	6
444365	5
444433	6
444436	3
444473	5
444474	4
444480	4
444496	8
444498	5
444532	3
444549	8
444635	5
444656	4
444674	3
444685	6
444730	6
444792	7
444945	4
444946	4
444961	5
444969	4
445113	8
445169	4
445186	4
445242	4
445247	3
445263	5
445265	8
445301	5
445307	25
445335	4
445369	4
445389	5
445391	3
445392	14
445402	13
445425	5
445428	3
445472	5
445491	7
445493	7
445494	5
445495	15
445516	6
445539	5
445562	3
445573	3
445574	6
445587	7
445603	11
445689	3
445712	24
445787	4
445793	4
445867	3
445902	4
445965	3
445971	5
446017	6
446037	19
446050	13
446072	3
446084	10
446086	6
446132	4
446183	4
446209	12
446220	6
446236	7
446243	11
446253	12
446284	5
446311	4
446336	7
446481	3
446492	4
446542	4
446543	8
446574	3
446645	5
446661	12
446711	6
446721	9
446725	3
446741	3
446764	3
446769	3
446804	4
446834	3
446866	4
446882	4
446951	15
446957	3
446972	9
446974	7
446981	5
446982	12
446983	3
446994	5
447001	9
447002	6
447005	11
447007	4
447017	6
447033	3
447038	4
447043	10
447123	4
447140	5
447174	8
447181	4
447211	3
447270	4
447410	7
447415	6
447419	4
447494	3
447546	5
447562	3
447564	8
447565	14
447610	4
447623	8
447625	3
447628	20
447669	6
447714	8
447724	23
447727	4
447743	4
447825	4
447857	8
447864	6
447881	5
447899	6
447909	7
447939	7
447956	11
447965	9
447991	9
447995	15
448035	4
448083	9
448141	6
448203	3
448263	4
448268	3
448318	4
448328	9
448368	5
448441	8
448522	4
448538	3
448555	5
448570	3
448693	4
448714	4
448740	10
448790	4
448791	5
448795	3
448796	21
448803	14
448807	8
448808	3
448813	4
448895	4
448913	3
448929	6
448930	3
448936	9
448954	17
448977	16
448983	3
448985	5
449047	49
449067	3
449110	3
449131	8
449135	6
449151	4
449325	7
449334	5
449392	3
449406	8
449460	13
449466	3
449477	5
449501	6
449512	3
449632	10
449721	3
449733	3
449741	7
449749	5
449751	10
449762	7
449774	7
449775	3
449779	4
449793	3
449805	3
449813	8
449821	3
449899	4
449900	4
449912	4
449944	3
449955	5
449956	5
449985	6
449998	4
450051	3
450071	7
450075	7
450096	4
450107	11
450127	3
450135	5
450145	6
450181	4
450199	6
450253	12
450259	9
450284	3
450290	5
450294	3
450468	3
450502	6
450519	3
450532	3
450607	7
450646	6
450649	6
450650	3
450664	7
450678	4
450691	9
450707	4
450785	12
450808	8
450815	3
450838	12
450846	4
450857	6
450906	17
450919	5
450941	7
450957	11
450963	3
450986	8
450992	4
451005	4
451027	8
451064	4
451083	7
451101	5
451122	3
451137	5
451193	8
451232	4
451239	4
451241	3
451377	4
451380	4
451460	3
451465	8
451486	7
451488	10
451494	3
451499	19
451514	6
451534	3
451602	5
451658	7
451689	16
451694	12
451707	10
451724	3
451733	196
451739	5
451745	4
451781	14
451783	7
451800	3
451804	16
451852	9
451939	9
451983	11
452041	4
452085	13
452086	6
452091	3
452094	4
452126	3
452183	3
452217	3
452241	8
452249	5
452402	9
452425	9
452441	5
452460	6
452469	4
452471	3
452505	3
452549	6
452598	4
452617	6
452666	8
452684	11
452741	3
452745	3
452818	4
452848	4
452891	7
452940	3
452958	4
452967	4
452978	3
452991	4
453001	14
453078	4
453159	5
453207	10
453208	3
453211	8
453270	3
453288	6
453291	3
453382	7
453392	5
453427	14
453442	3
453497	3
453524	3
453528	3
453531	7
453542	3
453572	3
453597	9
453624	8
453636	4
453646	4
453674	4
453682	5
453684	3
453783	14
453792	7
453805	9
453824	3
453825	19
453868	8
453871	9
453886	3
453944	4
454015	3
454041	3
454112	6
454114	3
454138	11
454145	3
454150	3
454171	4
454213	3
454218	6
454227	3
454335	5
454351	4
454352	3
454371	3
454414	11
454420	4
454423	4
454450	3
454461	8
454501	3
454510	6
454573	4
454581	20
454633	5
454649	4
454699	5
454702	69
454776	3
454790	4
454804	11
454813	3
454863	4
454874	10
454877	3
454885	6
454922	5
455039	14
455043	6
455060	12
455080	8
455097	6
455133	12
455159	15
455176	4
455181	3
455226	5
455289	3
455291	8
455292	11
455296	3
455316	210
455343	7
455380	5
455383	66
455387	4
455416	3
455437	5
455468	6
455484	8
455502	4
455512	11
455581	5
455590	3
455655	3
455659	10
455826	11
455836	8
455837	4
455842	6
455850	5
455853	4
455866	6
455905	4
455957	3
456012	6
456043	3
456114	7
456137	6
456148	5
456149	4
456203	6
456285	5
456384	5
456427	5
456452	3
456453	5
456494	7
456504	5
456516	4
456569	4
456722	3
456765	7
456808	3
456842	6
456941	7
457078	3
457104	6
457140	4
457244	6
457294	8
457425	8
457468	3
457495	8
457508	5
457541	3
457553	3
457574	3
457576	5
457625	3
457675	7
457695	5
457699	58
457733	41
457782	3
457881	3
457908	4
457912	5
457925	10
457971	3
457975	4
457985	12
457994	3
457995	3
457996	3
458078	13
458108	6
458121	5
458155	3
458179	4
458200	3
458204	7
458215	13
458226	8
458227	5
458242	3
458283	3
458288	5
458297	10
458298	3
458311	6
458339	3
458392	6
458400	3
458407	3
458454	3
458479	4
458511	3
458576	4
458592	19
458662	8
458666	8
458674	3
458682	3
458686	4
458708	3
458841	3
458889	8
458892	3
458897	27
458945	5
458953	3
458986	10
459008	4
459013	8
459054	13
459060	8
459071	3
459094	6
459114	3
459139	3
459159	6
459171	4
459172	5
459186	3
459291	7
459295	8
459315	6
459325	5
459341	8
459385	12
459388	9
459431	5
459434	6
459441	3
459590	8
459601	6
459614	4
459621	5
459673	28
459703	3
459707	3
459715	6
459723	6
459756	6
459813	5
459961	3
460113	6
460143	3
460216	3
460302	24
460306	6
460380	3
460453	3
460488	4
460513	4
460514	10
460541	163
460542	6
460550	4
460567	4
460586	3
460599	5
460603	3
460644	3
460675	22
460682	7
460689	8
460800	6
460809	12
460894	4
460930	4
460933	11
460944	4
460981	4
461027	7
461130	5
461135	4
461139	5
461196	5
461337	10
461380	5
461543	5
461554	6
461570	4
461590	13
461634	8
461686	8
461692	5
461758	30
461769	4
461774	7
461870	4
461872	3
461915	4
461952	3
461970	9
462039	5
462076	5
462082	5
462214	5
462215	4
462221	14
462251	14
462262	7
462269	5
462272	4
462322	5
462325	7
462395	9
462405	4
462430	4
462443	3
462506	3
462507	9
462508	7
462514	7
462519	3
462535	3
462567	5
462584	4
462593	3
462600	14
462610	3
462627	8
462634	4
462647	3
462671	11
462688	5
462701	3
462764	3
462789	6
462832	19
462839	10
462842	6
462861	6
462875	5
462912	7
462966	5
462971	6
463001	4
463055	23
463057	5
463060	13
463071	4
463072	10
463077	10
463089	7
463151	9
463218	21
463277	4
463280	5
463284	6
463293	8
463327	4
463356	6
463368	5
463401	5
463428	3
463430	3
463516	4
463529	5
463535	12
463583	5
463714	9
463741	4
463746	3
463829	8
463867	7
463871	7
463883	8
463912	6
463948	6
463974	5
464044	3
464069	3
464079	4
464087	7
464095	4
464119	9
464122	3
464127	3
464136	4
464230	5
464232	4
464296	6
464307	4
464313	4
464367	10
464421	5
464466	3
464499	7
464501	3
464504	3
464583	7
464610	3
464617	4
464618	7
464645	7
464660	8
464687	5
464712	12
464774	6
464805	5
464933	8
464992	3
465005	5
465013	6
465032	7
465041	10
465081	4
465084	8
465127	55
465154	4
465164	9
465166	5
465181	9
465248	3
465279	5
465318	3
465343	3
465347	7
465349	3
465365	7
465369	3
465394	3
465408	9
465411	4
465412	13
465414	16
465419	4
465436	6
465449	8
465452	9
465461	6
465520	4
465521	7
465563	4
465593	5
465620	3
465653	4
465658	9
465775	3
465829	7
465889	5
465910	8
465928	3
465975	6
466004	5
466008	6
466044	7
466097	4
466107	16
466146	3
466147	26
466155	5
466179	8
466185	4
466191	9
466233	9
466236	8
466256	5
466285	3
466300	4
466307	9
466317	3
466339	6
466341	14
466360	3
466364	13
466379	17
466397	5
466412	4
466422	6
466423	8
466474	7
466490	6
466507	5
466518	4
466531	4
466533	6
466584	3
466586	4
466630	4
466648	5
466671	9
466689	13
466715	6
466721	9
466730	3
466733	5
466734	8
466739	7
466761	3
466779	4
466791	5
466819	4
466829	8
466839	9
466871	3
466893	5
466920	3
466934	8
466941	8
467024	4
467027	3
467102	3
467119	3
467151	13
467163	4
467232	7
467295	5
467315	4
467359	6
467368	4
467447	4
467464	14
467485	11
467487	4
467496	5
467568	4
467642	3
467733	13
467749	3
467777	4
467842	7
467849	7
467861	13
467939	11
467944	11
468009	3
468047	3
468095	7
468117	4
468139	8
468183	4
468234	5
468242	15
468266	7
468276	19
468280	6
468340	5
468362	3
468391	6
468395	14
468396	5
468419	4
468531	5
468562	8
468564	3
468569	5
468615	14
468693	3
468704	3
468728	5
468741	4
468744	11
468824	5
468834	4
468844	5
468847	34
468892	3
468896	5
468909	5
468930	3
468958	53
468966	6
468973	15
468977	3
468985	4
468988	9
469008	3
469066	8
469069	8
469071	3
469073	5
469105	3
469125	4
469156	7
469186	7
469214	8
469281	18
469283	3
469293	8
469320	4
469360	3
469378	8
469405	8
469412	6
469431	3
469443	28
469485	4
469529	8
469636	3
469736	7
469773	13
469774	3
469811	7
469831	4
469873	3
469900	6
469990	4
469991	5
470013	4
470023	6
470057	5
470070	4
470084	17
470138	9
470200	26
470205	6
470209	4
470244	4
470256	5
470285	7
470296	6
470331	5
470334	5
470361	6
470395	3
470423	5
470435	4
470485	5
470496	4
470519	5
470543	3
470561	7
470576	5
470621	5
470645	4
470686	3
470703	8
470723	9
470804	3
470844	4
470865	10
470884	4
470905	4
470941	3
471023	5
471056	6
471063	5
471108	4
471121	9
471151	3
471156	7
471181	3
471194	20
471225	16
471233	4
471254	4
471284	4
471292	15
471338	7
471343	8
471454	4
471516	9
471517	6
471564	3
471587	3
471640	7
471649	10
471666	5
471706	6
471722	5
471732	6
471750	4
471848	4
471888	7
471961	4
472118	4
472142	14
472148	6
472154	14
472192	4
472198	4
472199	3
472209	3
472249	15
472260	4
472263	13
472265	3
472316	7
472391	3
472398	3
472403	3
472426	3
472443	12
472476	4
472482	7
472507	11
472511	3
472562	3
472563	5
472588	3
472638	3
472643	9
472705	5
472731	3
472834	5
472871	8
472997	10
473029	6
473041	21
473152	4
473184	7
473207	5
473225	3
473228	4
473240	5
473351	4
473432	5
473462	12
473469	7
473471	3
473499	4
473524	6
473526	3
473531	5
473535	6
473549	3
473550	3
473589	22
473595	4
473658	3
473733	5
473769	4
473816	3
473823	4
473970	5
473979	5
473992	3
474027	4
474054	7
474066	14
474158	10
474173	8
474189	5
474214	5
474224	5
474274	8
474366	6
474423	4
474515	4
474540	5
474549	4
474599	5
474641	3
474651	4
474704	8
474765	5
474786	15
474798	6
474841	3
474881	15
475025	3
475035	3
475039	16
475063	5
475134	5
475199	3
475213	3
475321	5
475354	5
475362	9
475387	9
475408	9
475435	4
475483	3
475533	3
475589	9
475631	3
475778	6
475802	5
475807	6
475847	8
475880	5
475944	6
475949	7
476002	6
476077	5
476164	3
476252	4
476255	8
476444	6
476476	6
476514	5
476868	4
476879	3
476905	14
476911	4
476914	7
476953	12
476964	4
476978	4
476995	3
477002	6
477005	7
477047	10
477090	4
477163	6
477165	9
477169	6
477171	13
477179	4
477181	3
477183	3
477208	35
477222	4
477338	7
477392	4
477435	4
477454	25
477458	9
477462	3
477476	3
477505	6
477515	5
477518	4
477543	3
477546	4
477574	8
477590	4
477596	14
477602	6
477637	11
477652	3
477667	3
477817	7
477833	4
477839	9
477862	8
477864	8
477906	5
477913	6
477975	7
477977	4
477985	18
477992	16
478039	4
478046	8
478074	3
478088	6
478161	9
478170	3
478175	3
478186	14
478236	3
478342	5
478372	4
478392	6
478409	4
478427	13
478430	4
478444	5
478452	4
478463	13
478505	8
478526	68
478542	5
478563	3
478567	20
478570	4
478640	4
478646	7
478683	7
478700	3
478844	6
478853	3
478863	26
478865	7
478935	7
478956	4
478967	5
478988	3
479015	6
479044	4
479045	7
479057	4
479113	3
479224	5
479229	3
479290	4
479301	9
479319	6
479328	5
479362	12
479386	10
479414	6
479416	5
479420	4
479425	4
479426	3
479475	3
479480	3
479521	3
479560	4
479594	6
479614	11
479631	4
479724	7
479747	4
479842	4
479853	6
479889	8
479896	14
479918	4
479920	3
479944	3
479986	5
480056	6
480090	5
480091	6
480189	3
480220	4
480241	13
480250	5
480257	5
480258	4
480279	6
480304	4
480426	3
480434	16
480437	4
480440	4
480449	4
480463	3
480474	7
480517	6
480563	3
480652	20
480662	3
480696	3
480743	3
480753	3
480757	9
480866	16
480932	8
480936	7
480982	4
481057	3
481173	5
481269	11
481272	3
481341	6
481348	4
481381	7
481413	4
481616	4
481617	5
481646	5
481663	4
481703	5
481739	7
481826	7
481844	9
481873	3
481892	5
481963	5
481969	3
481995	3
482031	3
482108	3
482119	5
482136	6
482158	5
482188	15
482251	8
482328	5
482355	6
482365	3
482388	3
482394	6
482443	3
482531	7
482550	4
482555	5
482563	3
482567	4
482598	6
482644	5
482648	11
482657	5
482668	6
482698	3
482710	5399
482769	5
482795	11
482801	5
482817	11
482825	7
482871	5
482897	3
482941	5
482965	7
483064	6
483069	5
483084	3
483120	3
483121	7
483145	5
483220	3
483231	3
483256	6
483269	18
483325	4
483334	27
483338	3
483347	10
483355	4
483362	5
483366	8
483389	4
483392	9
483419	23
483438	3
483499	11
483500	4
483510	6
483579	6
483613	8
483630	8
483636	6
483657	6
483658	3
483680	8
483683	4
483728	3
483734	3
483738	5
483745	4
483850	7
483854	3
483871	13
483872	6
483885	5
483952	5
483983	7
483989	5
484022	4
484035	3
484108	30
484109	4
484155	4
484181	3
484190	6
484195	9
484244	6
484245	3
484312	3
484328	3
484386	4
484423	4
484473	3
484518	8
484645	5
484669	7
484678	8
484686	4
484687	6
484717	4
484743	3
484788	19
484980	6
484986	4
485007	7
485023	3
485030	7
485036	4
485037	3
485083	7
485127	11
485176	5
485204	4
485208	4
485217	7
485224	9
485244	4
485245	25
485314	3
485317	5
485375	3
485412	5
485438	7
485476	7
485478	7
485497	9
485515	4
485520	7
485524	3
485539	5
485541	5
485550	4
485574	3
485583	4
485595	13
485667	10
485726	7
485766	9
485784	14
485846	3
485895	7
485899	12
485920	10
485975	6
485977	10
485978	6
485979	5
486011	10
486034	6
486043	6
486073	3
486076	8
486078	5
486104	5
486106	5
486118	3
486133	5
486146	5
486167	6
486185	4
486219	8
486221	7
486263	9
486277	13
486340	7
486383	8
486496	6
486513	3
486562	6
486579	4
486600	6
486601	4
486610	3
486632	3
486642	14
486650	4
486666	7
486700	12
486726	4
486760	3
486831	14
486861	4
486873	7
486875	7
486882	46
486895	3
486903	3
486904	20
486961	66
486974	30
486997	9
487002	9
487008	10
487013	6
487014	4
487049	7
487090	3
487103	17
487113	10
487122	8
487239	3
487273	4
487286	4
487328	3
487371	7
487372	14
487373	7
487384	4
487397	6
487412	3
487440	3
487488	11
487489	11
487496	12
487536	3
487636	3
487698	3
487762	10
487771	5
487882	5
487887	4
487939	4
487988	6
488124	4
488141	6
488144	3
488153	4
488194	3
488200	6
488206	4
488232	3
488250	4
488270	6
488335	3
488386	7
488461	10
488474	6
488478	10
488494	3
488563	5
488580	8
488586	7
488614	5
488627	11
488653	4
488697	13
488701	3
488709	8
488720	4
488734	7
488760	4
488834	7
488918	3
488966	5
488971	4
488980	4
489006	4
489063	9
489064	3
489089	3
489098	5
489137	3
489138	6
489204	15
489279	4
489320	6
489365	4
489382	3
489388	5
489392	3
489419	20
489441	5
489449	3
489477	3
489497	4
489513	6
489538	6
489649	5
489665	4
489733	4
489736	6
489774	10
489782	8
489801	3
489839	3
489922	12
489936	21
489944	4
489945	23
489948	5
489958	8
489986	13
489994	49
490018	8
490023	18
490087	4
490172	9
490384	7
490412	5
490478	3
490503	5
490553	6
490598	10
490601	4
490602	9
490608	3
490694	4
490769	3
490773	5
490890	5
490911	4
490982	5
490989	11
491001	10
491038	8
491081	3
491097	9
491099	4
491102	5
491139	9
491186	3
491192	3
491221	13
491261	5
491270	3
491272	5
491283	5
491366	6
491397	8
491399	5
491450	4
491468	4
491473	4
491475	3
491483	11
491491	3
491493	5
491501	4
491506	4
491509	3
491537	7
491567	11
491579	5
491580	6
491591	4
491604	5
491625	8
491642	7
491737	13
491762	5
491785	3
491829	4
491835	4
491862	3
491868	5
491878	5
491892	25
491899	6
491919	23
491939	4
491978	8
492042	6
492087	7
492116	5
492188	5
492195	11
492227	5
492262	4
492290	8
492293	4
492326	6
492338	17
492357	7
492388	4
492426	3
492450	5
492463	11
492519	3
492546	3
492601	3
492615	3
492620	3
492629	4
492649	4
492655	6
492770	8
492804	3
492858	9
492861	8
492886	8
492895	6
493008	5
493011	9
493021	8
493054	5
493087	7
493106	5
493108	9
493132	8
493183	7
493186	4
493202	8
493223	5
493233	4
493235	4
493310	8
493335	3
493336	10
493364	31
493390	12
493430	4
493470	16
493505	6
493524	8
493592	3
493628	4
493642	9
493669	5
493699	7
493740	6
493753	11
493797	13
493855	3
493862	4
493868	3
493937	9
494055	3
494080	3
494099	9
494106	6
494114	4
494120	6
494135	3
494144	5
494145	9
494156	6
494190	7
494192	4
494217	3
494224	7
494242	3
494264	4
494289	3
494293	5
494296	3
494316	5
494327	4
494332	8
494346	3
494421	5
494454	20
494457	10
494500	3
494540	3
494604	3
494618	3
494668	3
494714	4
494730	3
494737	21
494766	10
494806	3
494810	3
494830	3
494850	7
494886	4
494898	12
494918	13
494930	3
495000	3
495054	6
495056	6
495087	4
495107	11
495172	3
495213	5
495216	5
495238	5
495256	3
495257	4
495262	10
495325	5
495351	4
495366	5
495404	4
495441	3
495463	13
495533	4
495543	4
495544	4
495587	3
495589	8
495610	9
495636	5
495657	11
495695	8
495738	4
495764	14
495851	16
495855	26
495864	5
495943	3
496007	7
496023	5
496083	4
496087	4
496110	6
496136	7
496186	6
496210	6
496254	5
496306	4
496312	4
496374	9
496387	4
496419	8
496801	4
496815	8
496817	4
496818	9
496841	3
496848	33
496854	4
496877	5
496949	5
496974	3
496988	4
496990	4
496991	3
497000	5
497050	5
497069	3
497071	8
497099	5
497110	4
497140	8
497174	3
497214	7
497249	5
497313	6
497327	5
497338	5
497465	5
497477	5
497481	8
497513	4
497607	3
497633	4
497802	8
497951	4
497988	4
498000	4
498064	4
498106	4
498185	9
498216	4
498254	4
498259	7
498300	3
498306	4
498357	4
498381	3
498442	4
498444	6
498496	6
498534	9
498543	7
498579	13
498673	7
498722	5
498728	3
498757	16
498762	6
498769	11
498770	4
498797	5
498842	5
498852	4
498871	11
498887	3
498939	4
498948	4
498993	4
498996	8
499171	5
499209	7
499245	5
499361	12
499377	12
499433	4
499443	6
499498	4
499507	7
499542	4
499543	11
499576	4
499664	7
499731	7
499765	3
499790	3
499800	4
499814	12
499856	4
499860	4
499863	7
499883	3
499893	8
499916	8
499918	8
499931	4
499943	3
499950	6
